# Generation  Evaluations  Time(s)  Best-obj. Best-cons. [Pop.index  Subgen.  Pop.size  Dis.mult.[0]  Pop.best.obj. Pop.avg.obj.  Pop.var.obj. Pop.worst.obj.  Pop.best.con. Pop.avg.con.  Pop.var.con. Pop.worst.con.]
         1   20.000000       0.000 2.454536645022428e+11  0.000000e+00  
         1   58.000000       0.003 2.217373243923059e+11  0.000000e+00  
         1   99.000000       0.006 1.494053342430594e+11  0.000000e+00  
         1  140.000000       0.008 6.979886510694949e+10  0.000000e+00  
         1  181.000000       0.011 1.623431823772173e+10  0.000000e+00  
         1  222.000000       0.014 7.216164211187180e+09  0.000000e+00  
         1  263.000000       0.016 2.834160384040253e+09  0.000000e+00  
         1  304.000000       0.019 1.164188287873134e+09  0.000000e+00  
         1  345.000000       0.021 4.650368799842111e+07  0.000000e+00  
         1  386.000000       0.024 3.069770963323932e+07  0.000000e+00  
         1  427.000000       0.027 5.067715282762446e+06  0.000000e+00  
         1  468.000000       0.029 5.121542390167974e+05  0.000000e+00  
         1  509.000000       0.032 5.071709616886420e+04  0.000000e+00  
         1  550.000000       0.035 2.212902122634067e+04  0.000000e+00  
         1  591.000000       0.037 6.985946326688263e+03  0.000000e+00  
         1  632.000000       0.040 2.346273066091891e+03  0.000000e+00  
         1  673.000000       0.043 1.455042370009814e+03  0.000000e+00  
         1  714.000000       0.045 7.896046562677075e+02  0.000000e+00  
         1  755.000000       0.048 3.710352252001651e+02  0.000000e+00  
         1  796.000000       0.051 3.264973249064751e+02  0.000000e+00  
         1  837.000000       0.053 2.830816576883968e+02  0.000000e+00  
         1  878.000000       0.056 2.776433910752700e+02  0.000000e+00  
         1  919.000000       0.059 1.909817848908669e+02  0.000000e+00  
         1  960.000000       0.061 1.730591749484283e+02  0.000000e+00  
         1 1001.000000       0.064 1.592923065037979e+02  0.000000e+00  
         1 1042.000000       0.067 1.592923065037979e+02  0.000000e+00  
         1 1083.000000       0.069 1.592923065037979e+02  0.000000e+00  
         1 1124.000000       0.072 1.468595199225294e+02  0.000000e+00  
         1 1165.000000       0.075 1.468595199225294e+02  0.000000e+00  
         1 1206.000000       0.077 1.319596902966023e+02  0.000000e+00  
         1 1247.000000       0.080 1.303547433748182e+02  0.000000e+00  
         1 1288.000000       0.083 1.152847916105262e+02  0.000000e+00  
         1 1329.000000       0.085 1.100234392876920e+02  0.000000e+00  
         1 1370.000000       0.088 1.013034957211084e+02  0.000000e+00  
         1 1411.000000       0.091 9.096685493389386e+01  0.000000e+00  
         1 1452.000000       0.093 7.077024459358037e+01  0.000000e+00  
         1 1493.000000       0.096 6.416531331174149e+01  0.000000e+00  
         1 1534.000000       0.099 5.632189043758201e+01  0.000000e+00  
         1 1575.000000       0.101 5.601418370621502e+01  0.000000e+00  
         1 1616.000000       0.104 5.011156141469483e+01  0.000000e+00  
         1 1657.000000       0.107 4.617474403284577e+01  0.000000e+00  
         1 1698.000000       0.109 4.290368304865246e+01  0.000000e+00  
         1 1739.000000       0.112 4.290368304865246e+01  0.000000e+00  
         1 1780.000000       0.115 3.849617473214953e+01  0.000000e+00  
         1 1821.000000       0.117 3.649278403921606e+01  0.000000e+00  
         1 1862.000000       0.120 3.649278403921606e+01  0.000000e+00  
         1 1903.000000       0.123 3.112343459653386e+01  0.000000e+00  
         1 1944.000000       0.125 3.008846540439043e+01  0.000000e+00  
         1 1985.000000       0.128 2.965484373943792e+01  0.000000e+00  
         1 2026.000000       0.131 2.947307296861768e+01  0.000000e+00  
         1 2087.000000       0.134 2.941686128929181e+01  0.000000e+00  
         1 2128.000000       0.136 2.941686128929181e+01  0.000000e+00  
         1 2169.000000       0.139 2.911126520860707e+01  0.000000e+00  
         1 2210.000000       0.142 2.911126520860707e+01  0.000000e+00  
         1 2251.000000       0.144 2.911126520860707e+01  0.000000e+00  
         1 2292.000000       0.147 2.911126520860707e+01  0.000000e+00  
         1 2333.000000       0.150 2.911126520860707e+01  0.000000e+00  
         1 2374.000000       0.152 2.911126520860707e+01  0.000000e+00  
         1 2415.000000       0.155 2.911126520860707e+01  0.000000e+00  
         1 2456.000000       0.158 2.911126520860707e+01  0.000000e+00  
         1 2497.000000       0.160 2.911126520860707e+01  0.000000e+00  
         1 2538.000000       0.163 2.911126520860707e+01  0.000000e+00  
         1 2579.000000       0.166 2.807177880236492e+01  0.000000e+00  
         1 2620.000000       0.169 2.806646822260835e+01  0.000000e+00  
         1 2661.000000       0.171 2.806646822260835e+01  0.000000e+00  
         1 2702.000000       0.174 2.806646822260835e+01  0.000000e+00  
         1 2743.000000       0.177 2.806646822260835e+01  0.000000e+00  
         1 2784.000000       0.179 2.806646822260835e+01  0.000000e+00  
         1 2825.000000       0.182 2.806646822260835e+01  0.000000e+00  
         1 2866.000000       0.185 2.806646822260835e+01  0.000000e+00  
         1 2907.000000       0.187 2.806646822260835e+01  0.000000e+00  
         1 2948.000000       0.190 2.806646822260835e+01  0.000000e+00  
         1 2989.000000       0.193 2.806646822260835e+01  0.000000e+00  
         1 3030.000000       0.195 2.806646822260835e+01  0.000000e+00  
         1 3071.000000       0.198 2.806646822260835e+01  0.000000e+00  
         1 3112.000000       0.201 2.806646822260835e+01  0.000000e+00  
         1 3153.000000       0.203 2.806646822260835e+01  0.000000e+00  
         1 3194.000000       0.206 2.806646822260835e+01  0.000000e+00  
         1 3235.000000       0.209 2.806646822260835e+01  0.000000e+00  
         1 3276.000000       0.211 2.806646822260835e+01  0.000000e+00  
         1 3317.000000       0.214 2.806646822260835e+01  0.000000e+00  
         1 3358.000000       0.217 2.806646822260835e+01  0.000000e+00  
         1 3399.000000       0.219 2.806646822260835e+01  0.000000e+00  
         1 3440.000000       0.222 2.806646822260835e+01  0.000000e+00  
         1 3481.000000       0.225 2.757215555309722e+01  0.000000e+00  
         1 3522.000000       0.227 2.757204358556401e+01  0.000000e+00  
         1 3563.000000       0.230 2.713714947573683e+01  0.000000e+00  
         1 3604.000000       0.233 2.713709471074033e+01  0.000000e+00  
         1 3645.000000       0.235 2.710419498539184e+01  0.000000e+00  
         1 3686.000000       0.238 2.708297012090771e+01  0.000000e+00  
         1 3727.000000       0.241 2.668623775917791e+01  0.000000e+00  
         1 3768.000000       0.243 2.657804205058060e+01  0.000000e+00  
         1 3809.000000       0.246 2.604810248965871e+01  0.000000e+00  
         1 3850.000000       0.249 2.557591448551923e+01  0.000000e+00  
         1 3891.000000       0.251 2.553483124035778e+01  0.000000e+00  
         1 3932.000000       0.254 2.553483124035778e+01  0.000000e+00  
         1 3973.000000       0.256 2.485048144543975e+01  0.000000e+00  
         1 4014.000000       0.259 2.485045802678842e+01  0.000000e+00  
         1 4055.000000       0.262 2.455395734091274e+01  0.000000e+00  
         1 4096.000000       0.264 2.454293856520260e+01  0.000000e+00  
         1 4157.000000       0.268 2.454237597851683e+01  0.000000e+00  
         1 4198.000000       0.270 2.426075351244287e+01  0.000000e+00  
         1 4239.000000       0.273 2.425540695305411e+01  0.000000e+00  
         1 4280.000000       0.276 2.401870058002557e+01  0.000000e+00  
         1 4321.000000       0.278 2.342128832959185e+01  0.000000e+00  
         1 4362.000000       0.281 2.288771653338375e+01  0.000000e+00  
         1 4403.000000       0.283 2.246135769355846e+01  0.000000e+00  
         1 4444.000000       0.286 2.219117755719720e+01  0.000000e+00  
         1 4485.000000       0.289 2.198752001651224e+01  0.000000e+00  
         1 4526.000000       0.291 2.158551608796739e+01  0.000000e+00  
         1 4567.000000       0.294 2.158427084321555e+01  0.000000e+00  
         1 4608.000000       0.297 2.158422141616721e+01  0.000000e+00  
         1 4649.000000       0.299 2.036855896949589e+01  0.000000e+00  
         1 4690.000000       0.302 1.982123705530960e+01  0.000000e+00  
         1 4731.000000       0.305 1.969379532553568e+01  0.000000e+00  
         1 4772.000000       0.307 1.953598686559886e+01  0.000000e+00  
         1 4813.000000       0.310 1.919193854321435e+01  0.000000e+00  
         1 4854.000000       0.313 1.855151772688515e+01  0.000000e+00  
         1 4895.000000       0.315 1.854340477869553e+01  0.000000e+00  
         1 4936.000000       0.318 1.854333673943828e+01  0.000000e+00  
         1 4977.000000       0.321 1.849776087411390e+01  0.000000e+00  
         1 5018.000000       0.323 1.849553199465128e+01  0.000000e+00  
         1 5059.000000       0.326 1.849553193409747e+01  0.000000e+00  
         1 5100.000000       0.329 1.849553193409747e+01  0.000000e+00  
         1 5141.000000       0.331 1.848381703537764e+01  0.000000e+00  
         1 5182.000000       0.334 1.843543617068449e+01  0.000000e+00  
         1 5223.000000       0.337 1.761062122138804e+01  0.000000e+00  
         1 5264.000000       0.339 1.761061987169343e+01  0.000000e+00  
         1 5305.000000       0.342 1.751593242989799e+01  0.000000e+00  
         1 5346.000000       0.345 1.750047657234017e+01  0.000000e+00  
         1 5387.000000       0.347 1.737024403131810e+01  0.000000e+00  
         1 5428.000000       0.350 1.679993264717452e+01  0.000000e+00  
         1 5469.000000       0.352 1.652416881006307e+01  0.000000e+00  
         1 5510.000000       0.355 1.652277941955274e+01  0.000000e+00  
         1 5551.000000       0.358 1.651727233276279e+01  0.000000e+00  
         1 5592.000000       0.360 1.651727233276279e+01  0.000000e+00  
         1 5633.000000       0.363 1.651727233276279e+01  0.000000e+00  
         1 5674.000000       0.366 1.651727233276279e+01  0.000000e+00  
         1 5715.000000       0.369 1.651727233276279e+01  0.000000e+00  
         1 5756.000000       0.371 1.651727233276279e+01  0.000000e+00  
         1 5797.000000       0.374 1.651727233276279e+01  0.000000e+00  
         1 5838.000000       0.377 1.651727233276279e+01  0.000000e+00  
         1 5879.000000       0.379 1.651727233276279e+01  0.000000e+00  
         1 5920.000000       0.382 1.651727233276279e+01  0.000000e+00  
         1 5961.000000       0.385 1.651727233276279e+01  0.000000e+00  
         1 6002.000000       0.387 1.651727233276279e+01  0.000000e+00  
         1 6043.000000       0.390 1.651727233276279e+01  0.000000e+00  
         1 6084.000000       0.393 1.651727233276279e+01  0.000000e+00  
         1 6125.000000       0.396 1.651727233276279e+01  0.000000e+00  
         1 6166.000000       0.398 1.651727233276279e+01  0.000000e+00  
         1 6227.000000       0.402 1.520269714885385e+01  0.000000e+00  
         1 6268.000000       0.404 1.363966673003693e+01  0.000000e+00  
         1 6309.000000       0.407 1.238436706380694e+01  0.000000e+00  
         1 6350.000000       0.409 1.201161580541550e+01  0.000000e+00  
         1 6391.000000       0.412 1.195299297919389e+01  0.000000e+00  
         1 6432.000000       0.415 1.193730423898285e+01  0.000000e+00  
         1 6473.000000       0.417 1.193730423898285e+01  0.000000e+00  
         1 6514.000000       0.420 1.193730423898285e+01  0.000000e+00  
         1 6555.000000       0.423 1.193730423898285e+01  0.000000e+00  
         1 6596.000000       0.425 1.193730423898285e+01  0.000000e+00  
         1 6637.000000       0.428 1.193730423898285e+01  0.000000e+00  
         1 6678.000000       0.431 1.193730423898285e+01  0.000000e+00  
         1 6719.000000       0.433 1.193730423898285e+01  0.000000e+00  
         1 6760.000000       0.436 1.193730423898285e+01  0.000000e+00  
         1 6801.000000       0.439 1.193730423898285e+01  0.000000e+00  
         1 6842.000000       0.441 1.193730423898285e+01  0.000000e+00  
         1 6883.000000       0.444 1.193730423898285e+01  0.000000e+00  
         1 6924.000000       0.447 1.193730423898285e+01  0.000000e+00  
         1 6965.000000       0.449 1.193730423898285e+01  0.000000e+00  
         1 7006.000000       0.452 1.193730423898285e+01  0.000000e+00  
         1 7047.000000       0.455 1.193730423898285e+01  0.000000e+00  
         1 7088.000000       0.457 1.193730423898285e+01  0.000000e+00  
         1 7129.000000       0.460 1.193730423898285e+01  0.000000e+00  
         1 7170.000000       0.463 1.193730423898285e+01  0.000000e+00  
         1 7211.000000       0.465 1.193730423898285e+01  0.000000e+00  
         1 7252.000000       0.468 1.193730423898285e+01  0.000000e+00  
         1 7293.000000       0.471 1.193730423898285e+01  0.000000e+00  
         1 7334.000000       0.473 1.193730423898285e+01  0.000000e+00  
         1 7375.000000       0.476 1.193730423898285e+01  0.000000e+00  
         1 7416.000000       0.479 1.193730423898285e+01  0.000000e+00  
         1 7457.000000       0.481 1.193730423898285e+01  0.000000e+00  
         1 7498.000000       0.484 1.193730423898285e+01  0.000000e+00  
         1 7539.000000       0.487 1.193730423898285e+01  0.000000e+00  
         1 7580.000000       0.489 1.193730423898285e+01  0.000000e+00  
         1 7621.000000       0.492 1.193245765695625e+01  0.000000e+00  
         1 7662.000000       0.494 1.149143133403603e+01  0.000000e+00  
         1 7703.000000       0.497 1.148573386422873e+01  0.000000e+00  
         1 7744.000000       0.500 1.148573386422873e+01  0.000000e+00  
         1 7785.000000       0.502 1.148573386422873e+01  0.000000e+00  
         1 7826.000000       0.505 1.148573386422873e+01  0.000000e+00  
         1 7867.000000       0.508 1.148573386422873e+01  0.000000e+00  
         1 7908.000000       0.510 1.133231446030694e+01  0.000000e+00  
         1 7949.000000       0.513 1.125906195492091e+01  0.000000e+00  
         1 7990.000000       0.516 1.056674081887509e+01  0.000000e+00  
         1 8031.000000       0.518 1.055242114767387e+01  0.000000e+00  
         1 8072.000000       0.521 1.055242114767387e+01  0.000000e+00  
         1 8113.000000       0.524 1.055242114767387e+01  0.000000e+00  
         1 8154.000000       0.526 1.055242114767387e+01  0.000000e+00  
         1 8195.000000       0.529 1.055242114767387e+01  0.000000e+00  
         1 8236.000000       0.531 1.055242114767387e+01  0.000000e+00  
         1 8297.000000       0.535 9.619777499423186e+00  0.000000e+00  
         1 8338.000000       0.537 9.509575097119058e+00  0.000000e+00  
         1 8379.000000       0.540 9.509079589788904e+00  0.000000e+00  
         1 8420.000000       0.543 9.503852535383741e+00  0.000000e+00  
         1 8461.000000       0.545 9.238317528117477e+00  0.000000e+00  
         1 8502.000000       0.548 9.238118801653972e+00  0.000000e+00  
         1 8543.000000       0.551 9.174205613308315e+00  0.000000e+00  
         1 8584.000000       0.553 9.174205555613357e+00  0.000000e+00  
         1 8625.000000       0.556 9.174205552877702e+00  0.000000e+00  
         1 8666.000000       0.558 9.174205552876348e+00  0.000000e+00  
         1 8707.000000       0.561 9.174205552876348e+00  0.000000e+00  
         1 8748.000000       0.564 8.802457239539187e+00  0.000000e+00  
         1 8789.000000       0.566 8.692282921765702e+00  0.000000e+00  
         1 8830.000000       0.569 8.661338630726808e+00  0.000000e+00  
         1 8871.000000       0.572 8.650898283116376e+00  0.000000e+00  
         1 8912.000000       0.575 8.454981837485473e+00  0.000000e+00  
         1 8953.000000       0.577 8.414588371745415e+00  0.000000e+00  
         1 8994.000000       0.580 8.414588329556883e+00  0.000000e+00  
         1 9035.000000       0.583 8.413979827497643e+00  0.000000e+00  
         1 9076.000000       0.585 8.413974023616952e+00  0.000000e+00  
         1 9117.000000       0.588 8.413974008720235e+00  0.000000e+00  
         1 9158.000000       0.590 8.413973863827726e+00  0.000000e+00  
         1 9199.000000       0.593 8.074353301344820e+00  0.000000e+00  
         1 9240.000000       0.596 7.872270887504867e+00  0.000000e+00  
         1 9281.000000       0.598 7.846841339593985e+00  0.000000e+00  
         1 9322.000000       0.601 7.846841339593985e+00  0.000000e+00  
         1 9363.000000       0.604 7.684340081944436e+00  0.000000e+00  
         1 9404.000000       0.606 7.682322809998085e+00  0.000000e+00  
         1 9445.000000       0.609 7.671693187074391e+00  0.000000e+00  
         1 9486.000000       0.612 7.671693187074391e+00  0.000000e+00  
         1 9527.000000       0.614 7.671693187074391e+00  0.000000e+00  
         1 9568.000000       0.617 7.671693187074391e+00  0.000000e+00  
         1 9609.000000       0.620 7.671693187074391e+00  0.000000e+00  
         1 9650.000000       0.622 7.671693187074391e+00  0.000000e+00  
         1 9691.000000       0.625 7.671693187074391e+00  0.000000e+00  
         1 9732.000000       0.628 7.671693187074391e+00  0.000000e+00  
         1 9773.000000       0.630 7.671693187074391e+00  0.000000e+00  
         1 9814.000000       0.633 7.671693187074391e+00  0.000000e+00  
         1 9855.000000       0.635 7.671693187074391e+00  0.000000e+00  
         1 9896.000000       0.638 7.671693187074391e+00  0.000000e+00  
         1 9937.000000       0.641 7.166698698315690e+00  0.000000e+00  
         1 9978.000000       0.643 7.130101761197693e+00  0.000000e+00  
         1 10019.000000       0.646 7.127719281223989e+00  0.000000e+00  
         1 10060.000000       0.649 6.963537322916638e+00  0.000000e+00  
         1 10101.000000       0.651 6.963026557073366e+00  0.000000e+00  
         1 10142.000000       0.654 6.939224715600343e+00  0.000000e+00  
         1 10183.000000       0.657 6.549990368965792e+00  0.000000e+00  
         1 10224.000000       0.659 6.503850453890160e+00  0.000000e+00  
         1 10265.000000       0.662 6.503850433173036e+00  0.000000e+00  
         1 10306.000000       0.665 6.318332277895275e+00  0.000000e+00  
         1 10367.000000       0.668 6.231692335175390e+00  0.000000e+00  
         1 10408.000000       0.671 6.231556828464973e+00  0.000000e+00  
         1 10449.000000       0.673 5.880724590363667e+00  0.000000e+00  
         1 10490.000000       0.676 5.567479914706814e+00  0.000000e+00  
         1 10531.000000       0.679 5.542434675756762e+00  0.000000e+00  
         1 10572.000000       0.681 5.540649256197222e+00  0.000000e+00  
         1 10613.000000       0.684 5.445588456879173e+00  0.000000e+00  
         1 10654.000000       0.686 5.445588456879173e+00  0.000000e+00  
         1 10695.000000       0.689 5.445588456879173e+00  0.000000e+00  
         1 10736.000000       0.692 5.428718190739359e+00  0.000000e+00  
         1 10777.000000       0.694 5.428542440704047e+00  0.000000e+00  
         1 10818.000000       0.697 5.428542440704047e+00  0.000000e+00  
         1 10859.000000       0.700 5.428542440704047e+00  0.000000e+00  
         1 10900.000000       0.702 5.246906909986752e+00  0.000000e+00  
         1 10941.000000       0.705 5.246906909986752e+00  0.000000e+00  
         1 10982.000000       0.708 5.246906909986752e+00  0.000000e+00  
         1 11023.000000       0.710 5.246906909986752e+00  0.000000e+00  
         1 11064.000000       0.713 5.246906909986752e+00  0.000000e+00  
         1 11105.000000       0.716 5.246906909986752e+00  0.000000e+00  
         1 11146.000000       0.718 5.246906909986752e+00  0.000000e+00  
         1 11187.000000       0.721 5.246906909986752e+00  0.000000e+00  
         1 11228.000000       0.723 5.246906909986752e+00  0.000000e+00  
         1 11269.000000       0.726 5.246906909986752e+00  0.000000e+00  
         1 11310.000000       0.729 5.246906909986752e+00  0.000000e+00  
         1 11351.000000       0.731 5.246906909986752e+00  0.000000e+00  
         1 11392.000000       0.734 5.246906909986752e+00  0.000000e+00  
         1 11433.000000       0.737 5.246906909986752e+00  0.000000e+00  
         1 11474.000000       0.739 5.246906909986752e+00  0.000000e+00  
         1 11515.000000       0.742 5.232506496167463e+00  0.000000e+00  
         1 11556.000000       0.745 5.232506347370423e+00  0.000000e+00  
         1 11597.000000       0.747 5.232506347370423e+00  0.000000e+00  
         1 11638.000000       0.750 5.232506347370423e+00  0.000000e+00  
         1 11679.000000       0.753 5.232506347370423e+00  0.000000e+00  
         1 11720.000000       0.755 5.232506347370423e+00  0.000000e+00  
         1 11761.000000       0.758 5.232506347370423e+00  0.000000e+00  
         1 11802.000000       0.761 5.232506347370423e+00  0.000000e+00  
         1 11843.000000       0.763 5.232506347370423e+00  0.000000e+00  
         1 11884.000000       0.766 4.984201471494099e+00  0.000000e+00  
         1 11925.000000       0.769 4.872998456146554e+00  0.000000e+00  
         1 11966.000000       0.771 4.642812168169764e+00  0.000000e+00  
         1 12007.000000       0.774 4.490108121095544e+00  0.000000e+00  
         1 12048.000000       0.777 4.488877142728524e+00  0.000000e+00  
         1 12089.000000       0.779 4.488877142728524e+00  0.000000e+00  
         1 12130.000000       0.782 4.255267913480798e+00  0.000000e+00  
         1 12171.000000       0.785 4.255267830831512e+00  0.000000e+00  
         1 12212.000000       0.787 4.255267830831512e+00  0.000000e+00  
         1 12253.000000       0.790 4.175900621662008e+00  0.000000e+00  
         1 12294.000000       0.793 4.164042232475645e+00  0.000000e+00  
         1 12335.000000       0.795 4.085619979641671e+00  0.000000e+00  
         1 12376.000000       0.798 4.073048242494314e+00  0.000000e+00  
         1 12437.000000       0.801 4.037523389765352e+00  0.000000e+00  
         1 12478.000000       0.804 4.003047461038905e+00  0.000000e+00  
         1 12519.000000       0.806 3.896153011053265e+00  0.000000e+00  
         1 12560.000000       0.809 3.770848687185073e+00  0.000000e+00  
         1 12601.000000       0.812 3.465968845268514e+00  0.000000e+00  
         1 12642.000000       0.815 3.454781075661902e+00  0.000000e+00  
         1 12683.000000       0.817 3.454781075661902e+00  0.000000e+00  
         1 12724.000000       0.820 3.454781075661902e+00  0.000000e+00  
         1 12765.000000       0.823 3.454781075661902e+00  0.000000e+00  
         1 12806.000000       0.825 3.454781075661902e+00  0.000000e+00  
         1 12847.000000       0.828 3.454781075661902e+00  0.000000e+00  
         1 12888.000000       0.830 3.454781075661902e+00  0.000000e+00  
         1 12929.000000       0.833 3.419249620845607e+00  0.000000e+00  
         1 12970.000000       0.836 3.308250224289614e+00  0.000000e+00  
         1 13011.000000       0.838 3.308184734996449e+00  0.000000e+00  
         1 13052.000000       0.841 3.289384240078842e+00  0.000000e+00  
         1 13093.000000       0.844 3.265318243905902e+00  0.000000e+00  
         1 13134.000000       0.846 3.020627146076368e+00  0.000000e+00  
         1 13175.000000       0.849 2.947221546377881e+00  0.000000e+00  
         1 13216.000000       0.852 2.704016963083711e+00  0.000000e+00  
         1 13257.000000       0.854 2.555886435426146e+00  0.000000e+00  
         1 13298.000000       0.857 2.449968756217230e+00  0.000000e+00  
         1 13339.000000       0.860 2.380356565487511e+00  0.000000e+00  
         1 13380.000000       0.862 2.366791524810353e+00  0.000000e+00  
         1 13421.000000       0.865 2.365682341580837e+00  0.000000e+00  
         1 13462.000000       0.868 2.364898790152890e+00  0.000000e+00  
         1 13503.000000       0.870 2.364898790152890e+00  0.000000e+00  
         1 13544.000000       0.873 2.364898790152890e+00  0.000000e+00  
         1 13585.000000       0.876 2.364898790152890e+00  0.000000e+00  
         1 13626.000000       0.878 2.300720656151264e+00  0.000000e+00  
         1 13667.000000       0.881 2.299960463800685e+00  0.000000e+00  
         1 13708.000000       0.884 2.299864759474068e+00  0.000000e+00  
         1 13749.000000       0.886 2.219614051886220e+00  0.000000e+00  
         1 13790.000000       0.889 2.218884434635206e+00  0.000000e+00  
         1 13831.000000       0.892 2.181874451345724e+00  0.000000e+00  
         1 13872.000000       0.894 2.128760128145407e+00  0.000000e+00  
         1 13913.000000       0.897 2.039802695351157e+00  0.000000e+00  
         1 13954.000000       0.900 1.762747033381587e+00  0.000000e+00  
         1 13995.000000       0.903 1.513056947186251e+00  0.000000e+00  
         1 14036.000000       0.905 1.510727192321749e+00  0.000000e+00  
         1 14077.000000       0.908 1.510727192321749e+00  0.000000e+00  
         1 14118.000000       0.911 1.510727192321749e+00  0.000000e+00  
         1 14159.000000       0.913 1.510727192321749e+00  0.000000e+00  
         1 14200.000000       0.916 1.510727192321749e+00  0.000000e+00  
         1 14241.000000       0.919 1.510727192321749e+00  0.000000e+00  
         1 14282.000000       0.921 1.510727192321749e+00  0.000000e+00  
         1 14323.000000       0.924 1.510727192321749e+00  0.000000e+00  
         1 14364.000000       0.927 1.510727192321749e+00  0.000000e+00  
         1 14405.000000       0.929 1.510727192321749e+00  0.000000e+00  
         1 14446.000000       0.932 1.510727192321749e+00  0.000000e+00  
         1 14507.000000       0.935 1.510727192321749e+00  0.000000e+00  
         1 14548.000000       0.938 1.510727192321749e+00  0.000000e+00  
         1 14589.000000       0.940 1.510727192321749e+00  0.000000e+00  
         1 14630.000000       0.943 1.510727192321749e+00  0.000000e+00  
         1 14671.000000       0.946 1.508206071196756e+00  0.000000e+00  
         1 14712.000000       0.948 1.400751412628362e+00  0.000000e+00  
         1 14753.000000       0.951 1.366993331970527e+00  0.000000e+00  
         1 14794.000000       0.954 1.327058185175327e+00  0.000000e+00  
         1 14835.000000       0.956 1.305415751733443e+00  0.000000e+00  
         1 14876.000000       0.959 1.188487174123370e+00  0.000000e+00  
         1 14917.000000       0.961 1.188487174123370e+00  0.000000e+00  
         1 14958.000000       0.964 1.188487174123370e+00  0.000000e+00  
         1 14999.000000       0.967 1.188487174123370e+00  0.000000e+00  
         1 15040.000000       0.970 1.024428216674569e+00  0.000000e+00  
         1 15081.000000       0.972 9.665399406966974e-01  0.000000e+00  
         1 15122.000000       0.975 8.898325464123693e-01  0.000000e+00  
         1 15163.000000       0.978 8.876185766578637e-01  0.000000e+00  
         1 15204.000000       0.980 8.876185766578637e-01  0.000000e+00  
         1 15245.000000       0.983 8.876185766578637e-01  0.000000e+00  
         1 15286.000000       0.986 8.876185766578637e-01  0.000000e+00  
         1 15327.000000       0.988 8.473766150011304e-01  0.000000e+00  
         1 15368.000000       0.991 8.459270097686054e-01  0.000000e+00  
         1 15409.000000       0.993 8.459270097686054e-01  0.000000e+00  
         1 15450.000000       0.996 8.459270097686054e-01  0.000000e+00  
         1 15491.000000       0.999 8.459270097686054e-01  0.000000e+00  
         1 15532.000000       1.001 8.459270097686054e-01  0.000000e+00  
         1 15573.000000       1.004 8.459270097686054e-01  0.000000e+00  
         1 15614.000000       1.007 7.858817219899524e-01  0.000000e+00  
         1 15655.000000       1.009 7.055090449220019e-01  0.000000e+00  
         1 15696.000000       1.012 6.433136169802435e-01  0.000000e+00  
         1 15737.000000       1.015 6.307004037040047e-01  0.000000e+00  
         1 15778.000000       1.017 6.243617479095632e-01  0.000000e+00  
         1 15819.000000       1.020 6.240593737831946e-01  0.000000e+00  
         1 15860.000000       1.023 6.240593737831946e-01  0.000000e+00  
         1 15901.000000       1.025 6.240593737831946e-01  0.000000e+00  
         1 15942.000000       1.028 5.522336044238307e-01  0.000000e+00  
         1 15983.000000       1.031 5.507321267673388e-01  0.000000e+00  
         1 16024.000000       1.034 5.433023997008993e-01  0.000000e+00  
         1 16065.000000       1.036 5.385928011203784e-01  0.000000e+00  
         1 16106.000000       1.039 5.371369598689104e-01  0.000000e+00  
         1 16147.000000       1.042 5.362121648653869e-01  0.000000e+00  
         1 16188.000000       1.045 5.362121648653869e-01  0.000000e+00  
         1 16229.000000       1.047 5.362121648653869e-01  0.000000e+00  
         1 16270.000000       1.050 5.362121648653869e-01  0.000000e+00  
         1 16311.000000       1.052 5.362121648653869e-01  0.000000e+00  
         1 16352.000000       1.055 5.362121648653869e-01  0.000000e+00  
         1 16393.000000       1.058 5.362121648653869e-01  0.000000e+00  
         1 16434.000000       1.060 5.291508292032950e-01  0.000000e+00  
         1 16475.000000       1.063 4.630841193234231e-01  0.000000e+00  
         1 16516.000000       1.066 4.630597484392362e-01  0.000000e+00  
         1 16577.000000       1.069 4.630597406038007e-01  0.000000e+00  
         1 16618.000000       1.072 2.745754596951242e-01  0.000000e+00  
         1 16659.000000       1.074 2.718837198000889e-01  0.000000e+00  
         1 16700.000000       1.077 2.718837198000889e-01  0.000000e+00  
         1 16741.000000       1.080 2.718837198000889e-01  0.000000e+00  
         1 16782.000000       1.082 2.718837198000889e-01  0.000000e+00  
         1 16823.000000       1.085 2.718837198000889e-01  0.000000e+00  
         1 16864.000000       1.088 2.718837198000889e-01  0.000000e+00  
         1 16905.000000       1.090 2.718837198000889e-01  0.000000e+00  
         1 16946.000000       1.093 2.718837198000889e-01  0.000000e+00  
         1 16987.000000       1.096 2.718837198000889e-01  0.000000e+00  
         1 17028.000000       1.098 2.718837198000889e-01  0.000000e+00  
         1 17069.000000       1.101 2.718837198000889e-01  0.000000e+00  
         1 17110.000000       1.104 2.718837198000889e-01  0.000000e+00  
         1 17151.000000       1.106 2.718837198000889e-01  0.000000e+00  
         1 17192.000000       1.109 2.718837198000889e-01  0.000000e+00  
         1 17233.000000       1.112 2.718837198000889e-01  0.000000e+00  
         1 17274.000000       1.114 2.718837198000889e-01  0.000000e+00  
         1 17315.000000       1.117 2.718837198000889e-01  0.000000e+00  
         1 17356.000000       1.120 2.718837198000889e-01  0.000000e+00  
         1 17397.000000       1.122 2.718837198000889e-01  0.000000e+00  
         1 17438.000000       1.125 2.718837198000889e-01  0.000000e+00  
         1 17479.000000       1.128 2.718837198000889e-01  0.000000e+00  
         1 17520.000000       1.130 2.718837198000889e-01  0.000000e+00  
         1 17561.000000       1.133 2.718837198000889e-01  0.000000e+00  
         1 17602.000000       1.136 2.718837198000889e-01  0.000000e+00  
         1 17643.000000       1.138 2.718837198000889e-01  0.000000e+00  
         1 17684.000000       1.141 2.718837198000889e-01  0.000000e+00  
         1 17725.000000       1.144 2.718837198000889e-01  0.000000e+00  
         1 17766.000000       1.146 2.633311784409481e-01  0.000000e+00  
         1 17807.000000       1.149 2.628916746600867e-01  0.000000e+00  
         1 17848.000000       1.152 2.243457896980551e-01  0.000000e+00  
         1 17889.000000       1.154 2.101608323093892e-01  0.000000e+00  
         1 17930.000000       1.157 2.101376001394738e-01  0.000000e+00  
         1 17971.000000       1.160 1.953866788448861e-01  0.000000e+00  
         1 18012.000000       1.162 1.953866788448861e-01  0.000000e+00  
         1 18053.000000       1.165 1.953866788448861e-01  0.000000e+00  
         1 18094.000000       1.168 1.880029835231616e-01  0.000000e+00  
         1 18135.000000       1.170 1.772494134987141e-01  0.000000e+00  
         1 18176.000000       1.173 1.760127806087028e-01  0.000000e+00  
         1 18217.000000       1.176 1.760123054696243e-01  0.000000e+00  
         1 18258.000000       1.179 1.760054173533192e-01  0.000000e+00  
         1 18299.000000       1.181 1.604803761862372e-01  0.000000e+00  
         1 18340.000000       1.184 1.421742719227069e-01  0.000000e+00  
         1 18381.000000       1.187 1.386152107148642e-01  0.000000e+00  
         1 18422.000000       1.189 1.381011113391561e-01  0.000000e+00  
         1 18463.000000       1.192 1.338600599256835e-01  0.000000e+00  
         1 18504.000000       1.195 1.180014187297880e-01  0.000000e+00  
         1 18545.000000       1.197 1.179971222785782e-01  0.000000e+00  
         1 18586.000000       1.200 1.179971222785782e-01  0.000000e+00  
         1 18647.000000       1.203 1.179971222785782e-01  0.000000e+00  
         1 18688.000000       1.206 1.068946545584849e-01  0.000000e+00  
         1 18729.000000       1.208 9.712797975357967e-02  0.000000e+00  
         1 18770.000000       1.211 8.326419371040694e-02  0.000000e+00  
         1 18811.000000       1.214 7.795530764939833e-02  0.000000e+00  
         1 18852.000000       1.216 7.373295624999410e-02  0.000000e+00  
         1 18893.000000       1.219 5.374420044424065e-02  0.000000e+00  
         1 18934.000000       1.222 3.333451454231451e-02  0.000000e+00  
         1 18975.000000       1.224 3.333451454231451e-02  0.000000e+00  
         1 19016.000000       1.227 3.333451454231451e-02  0.000000e+00  
         1 19057.000000       1.230 3.333451454231451e-02  0.000000e+00  
         1 19098.000000       1.232 3.333451454231451e-02  0.000000e+00  
         1 19139.000000       1.235 3.333451454231451e-02  0.000000e+00  
         1 19180.000000       1.238 3.333451454231451e-02  0.000000e+00  
         1 19221.000000       1.240 3.333451454231451e-02  0.000000e+00  
         1 19262.000000       1.243 3.333451454231451e-02  0.000000e+00  
         1 19303.000000       1.246 2.262340702332459e-02  0.000000e+00  
         1 19344.000000       1.248 2.261425236161443e-02  0.000000e+00  
         1 19385.000000       1.251 2.248133546625638e-02  0.000000e+00  
         1 19426.000000       1.254 2.036270879232071e-02  0.000000e+00  
         1 19467.000000       1.256 2.031436426835988e-02  0.000000e+00  
         1 19508.000000       1.259 2.007938934458715e-02  0.000000e+00  
         1 19549.000000       1.262 2.007938934458715e-02  0.000000e+00  
         1 19590.000000       1.264 2.007938934458715e-02  0.000000e+00  
         1 19631.000000       1.267 2.007938934458715e-02  0.000000e+00  
         1 19672.000000       1.270 2.007938934458715e-02  0.000000e+00  
         1 19713.000000       1.272 2.007938934458715e-02  0.000000e+00  
         1 19754.000000       1.275 2.007938934458715e-02  0.000000e+00  
         1 19795.000000       1.278 2.007938934458715e-02  0.000000e+00  
         1 19836.000000       1.280 2.007938934458715e-02  0.000000e+00  
         1 19877.000000       1.283 2.007938934458715e-02  0.000000e+00  
         1 19918.000000       1.286 2.007938934458715e-02  0.000000e+00  
         1 19959.000000       1.288 2.007938934458715e-02  0.000000e+00  
         1 20000.000000       1.291 2.007938934458715e-02  0.000000e+00  
         1 20041.000000       1.294 2.007938934458715e-02  0.000000e+00  
         1 20082.000000       1.296 2.007938934458715e-02  0.000000e+00  
         1 20123.000000       1.299 2.007938934458715e-02  0.000000e+00  
         1 20164.000000       1.302 2.007938934458715e-02  0.000000e+00  
         1 20205.000000       1.304 2.007938934458715e-02  0.000000e+00  
         1 20246.000000       1.307 2.007938934458715e-02  0.000000e+00  
         1 20287.000000       1.309 1.657625823985909e-02  0.000000e+00  
         1 20328.000000       1.312 1.653020158117970e-02  0.000000e+00  
         1 20369.000000       1.315 1.582742381264933e-02  0.000000e+00  
         1 20410.000000       1.317 1.582742381264933e-02  0.000000e+00  
         1 20451.000000       1.320 1.582742381264933e-02  0.000000e+00  
         1 20492.000000       1.323 1.582742381264933e-02  0.000000e+00  
         1 20533.000000       1.325 1.582742381264933e-02  0.000000e+00  
         1 20574.000000       1.328 1.582742381264933e-02  0.000000e+00  
         1 20615.000000       1.331 1.582742381264933e-02  0.000000e+00  
         1 20656.000000       1.333 1.582742381264933e-02  0.000000e+00  
         1 20717.000000       1.337 1.582742381264933e-02  0.000000e+00  
         1 20758.000000       1.339 1.582742381264933e-02  0.000000e+00  
         1 20799.000000       1.342 1.475574552737518e-02  0.000000e+00  
         1 20840.000000       1.344 1.467163998699724e-02  0.000000e+00  
         1 20881.000000       1.347 1.467120345225561e-02  0.000000e+00  
         1 20922.000000       1.350 1.418345430088000e-02  0.000000e+00  
         1 20963.000000       1.352 1.418301760399445e-02  0.000000e+00  
         1 21004.000000       1.355 1.418301760399445e-02  0.000000e+00  
         1 21045.000000       1.358 1.418301760399445e-02  0.000000e+00  
         1 21086.000000       1.360 1.418301760399445e-02  0.000000e+00  
         1 21127.000000       1.363 1.255107780514685e-02  0.000000e+00  
         1 21168.000000       1.366 1.223909049162058e-02  0.000000e+00  
         1 21209.000000       1.368 1.223882882463146e-02  0.000000e+00  
         1 21250.000000       1.371 1.103946460860535e-02  0.000000e+00  
         1 21291.000000       1.374 1.077857670899081e-02  0.000000e+00  
         1 21332.000000       1.377 1.077857670899081e-02  0.000000e+00  
         1 21373.000000       1.379 1.077857670899081e-02  0.000000e+00  
         1 21414.000000       1.382 1.077857670899081e-02  0.000000e+00  
         1 21455.000000       1.385 1.077857670899081e-02  0.000000e+00  
         1 21496.000000       1.387 1.077857670899081e-02  0.000000e+00  
         1 21537.000000       1.390 1.077857670899081e-02  0.000000e+00  
         1 21578.000000       1.392 1.077857670899081e-02  0.000000e+00  
         1 21619.000000       1.395 1.077857670899081e-02  0.000000e+00  
         1 21660.000000       1.398 8.897079095514515e-03  0.000000e+00  
         1 21701.000000       1.400 8.848341818851560e-03  0.000000e+00  
         1 21742.000000       1.404 8.568246543565129e-03  0.000000e+00  
         1 21783.000000       1.406 7.395675941065270e-03  0.000000e+00  
         1 21824.000000       1.409 5.670042907324190e-03  0.000000e+00  
         1 21865.000000       1.412 4.494790963726626e-03  0.000000e+00  
         1 21906.000000       1.414 4.494790963726626e-03  0.000000e+00  
         1 21947.000000       1.417 4.494790963726626e-03  0.000000e+00  
         1 21988.000000       1.420 4.494790963726626e-03  0.000000e+00  
         1 22029.000000       1.422 4.494790963726626e-03  0.000000e+00  
         1 22070.000000       1.425 4.494790963726626e-03  0.000000e+00  
         1 22111.000000       1.428 4.494790963726626e-03  0.000000e+00  
         1 22152.000000       1.430 4.494790963726626e-03  0.000000e+00  
         1 22193.000000       1.433 4.494790963726626e-03  0.000000e+00  
         1 22234.000000       1.436 4.494790963726626e-03  0.000000e+00  
         1 22275.000000       1.438 4.494790963726626e-03  0.000000e+00  
         1 22316.000000       1.441 4.494790963726626e-03  0.000000e+00  
         1 22357.000000       1.444 4.494790963726626e-03  0.000000e+00  
         1 22398.000000       1.446 4.494790963726626e-03  0.000000e+00  
         1 22439.000000       1.449 4.494790963726626e-03  0.000000e+00  
         1 22480.000000       1.451 4.494790963726626e-03  0.000000e+00  
         1 22521.000000       1.454 4.494790963726626e-03  0.000000e+00  
         1 22562.000000       1.457 4.494790963726626e-03  0.000000e+00  
         1 22603.000000       1.459 4.423040457932183e-03  0.000000e+00  
         1 22644.000000       1.462 4.344084798416957e-03  0.000000e+00  
         1 22685.000000       1.465 4.266953051805475e-03  0.000000e+00  
         1 22726.000000       1.467 4.159845911137345e-03  0.000000e+00  
         1 22787.000000       1.471 4.156556301663477e-03  0.000000e+00  
         1 22828.000000       1.473 4.149997001846964e-03  0.000000e+00  
         1 22869.000000       1.476 4.044155395516882e-03  0.000000e+00  
         1 22910.000000       1.479 4.038572663553480e-03  0.000000e+00  
         1 22951.000000       1.481 4.026136256869112e-03  0.000000e+00  
         1 22992.000000       1.484 4.026136256869112e-03  0.000000e+00  
         1 23033.000000       1.487 3.933257478098766e-03  0.000000e+00  
         1 23074.000000       1.489 3.804695385819123e-03  0.000000e+00  
         1 23115.000000       1.492 3.545602774856525e-03  0.000000e+00  
         1 23156.000000       1.495 3.313965076075231e-03  0.000000e+00  
         1 23197.000000       1.497 3.296090486028143e-03  0.000000e+00  
         1 23238.000000       1.500 3.220757125909579e-03  0.000000e+00  
         1 23279.000000       1.503 3.167551365071608e-03  0.000000e+00  
         1 23320.000000       1.505 3.154022283989348e-03  0.000000e+00  
         1 23361.000000       1.508 2.759634715535521e-03  0.000000e+00  
         1 23402.000000       1.511 2.666243963078178e-03  0.000000e+00  
         1 23443.000000       1.513 2.664524886702313e-03  0.000000e+00  
         1 23484.000000       1.516 2.664524886702313e-03  0.000000e+00  
         1 23525.000000       1.519 2.246663725988615e-03  0.000000e+00  
         1 23566.000000       1.521 2.004890355899298e-03  0.000000e+00  
         1 23607.000000       1.524 1.590070923477016e-03  0.000000e+00  
         1 23648.000000       1.527 1.007904575618454e-03  0.000000e+00  
         1 23689.000000       1.529 8.649315947372885e-04  0.000000e+00  
         1 23730.000000       1.532 7.438420742373985e-04  0.000000e+00  
         1 23771.000000       1.535 7.367169021745066e-04  0.000000e+00  
         1 23812.000000       1.537 7.367169021745066e-04  0.000000e+00  
         1 23853.000000       1.540 5.476878512326185e-04  0.000000e+00  
         1 23894.000000       1.543 5.476878512326185e-04  0.000000e+00  
         1 23935.000000       1.545 5.476878512326185e-04  0.000000e+00  
         1 23976.000000       1.548 5.476878512326185e-04  0.000000e+00  
         1 24017.000000       1.551 5.476878512326185e-04  0.000000e+00  
         1 24058.000000       1.553 5.476878512326185e-04  0.000000e+00  
         1 24099.000000       1.556 5.476878512326185e-04  0.000000e+00  
         1 24140.000000       1.559 5.476878512326185e-04  0.000000e+00  
         1 24181.000000       1.561 5.476878512326185e-04  0.000000e+00  
         1 24222.000000       1.564 5.476878512326185e-04  0.000000e+00  
         1 24263.000000       1.567 5.476878512326185e-04  0.000000e+00  
         1 24304.000000       1.569 5.476878512326185e-04  0.000000e+00  
         1 24345.000000       1.572 5.476878512326185e-04  0.000000e+00  
         1 24386.000000       1.575 5.476878512326185e-04  0.000000e+00  
         1 24427.000000       1.578 5.476878512326185e-04  0.000000e+00  
         1 24468.000000       1.580 5.476878512326185e-04  0.000000e+00  
         1 24509.000000       1.583 5.476878512326185e-04  0.000000e+00  
         1 24550.000000       1.586 5.476878512326185e-04  0.000000e+00  
         1 24591.000000       1.588 5.476878512326185e-04  0.000000e+00  
         1 24632.000000       1.591 5.476878512326185e-04  0.000000e+00  
         1 24673.000000       1.593 5.476878512326185e-04  0.000000e+00  
         1 24714.000000       1.596 5.476878512326185e-04  0.000000e+00  
         1 24755.000000       1.599 5.476878512326185e-04  0.000000e+00  
         1 24796.000000       1.601 5.476878512326185e-04  0.000000e+00  
         1 24857.000000       1.605 5.476878512326185e-04  0.000000e+00  
         1 24898.000000       1.607 5.476878512326185e-04  0.000000e+00  
         1 24939.000000       1.610 5.476878512326185e-04  0.000000e+00  
         1 24980.000000       1.613 5.143030051994110e-04  0.000000e+00  
         1 25021.000000       1.615 4.889093355377420e-04  0.000000e+00  
         1 25062.000000       1.618 4.666922331924706e-04  0.000000e+00  
         1 25103.000000       1.621 4.445339680361371e-04  0.000000e+00  
         1 25144.000000       1.623 4.342254793747680e-04  0.000000e+00  
         1 25185.000000       1.626 4.320026263753947e-04  0.000000e+00  
         1 25226.000000       1.629 4.315362045648086e-04  0.000000e+00  
         1 25267.000000       1.631 4.003486763917043e-04  0.000000e+00  
         1 25308.000000       1.634 3.865752432048918e-04  0.000000e+00  
         1 25349.000000       1.637 3.857255992284528e-04  0.000000e+00  
         1 25390.000000       1.639 3.780960157749109e-04  0.000000e+00  
         1 25431.000000       1.642 3.716950319277356e-04  0.000000e+00  
         1 25472.000000       1.645 3.274928378601288e-04  0.000000e+00  
         1 25513.000000       1.647 3.271391335831197e-04  0.000000e+00  
         1 25554.000000       1.650 3.059809487817743e-04  0.000000e+00  
         1 25595.000000       1.653 2.877386234787440e-04  0.000000e+00  
         1 25636.000000       1.656 2.871266330262178e-04  0.000000e+00  
         1 25677.000000       1.658 2.871266330262178e-04  0.000000e+00  
         1 25718.000000       1.661 2.871266330262178e-04  0.000000e+00  
         1 25759.000000       1.663 2.871266330262178e-04  0.000000e+00  
         1 25800.000000       1.666 2.871266330262178e-04  0.000000e+00  
         1 25841.000000       1.669 2.871266330262178e-04  0.000000e+00  
         1 25882.000000       1.671 2.871266330262178e-04  0.000000e+00  
         1 25923.000000       1.674 2.458060767329881e-04  0.000000e+00  
         1 25964.000000       1.677 2.217267529549712e-04  0.000000e+00  
         1 26005.000000       1.679 2.215458093553587e-04  0.000000e+00  
         1 26046.000000       1.682 1.875103213946779e-04  0.000000e+00  
         1 26087.000000       1.685 1.408010982296677e-04  0.000000e+00  
         1 26128.000000       1.688 1.263312944088607e-04  0.000000e+00  
         1 26169.000000       1.690 1.101464331866422e-04  0.000000e+00  
         1 26210.000000       1.693 1.101179802531610e-04  0.000000e+00  
         1 26251.000000       1.696 8.108163411704914e-05  0.000000e+00  
         1 26292.000000       1.698 8.049504541192835e-05  0.000000e+00  
         1 26333.000000       1.701 8.049504541192835e-05  0.000000e+00  
         1 26374.000000       1.704 8.049504541192835e-05  0.000000e+00  
         1 26415.000000       1.706 8.049504541192835e-05  0.000000e+00  
         1 26456.000000       1.709 8.049504541192835e-05  0.000000e+00  
         1 26497.000000       1.711 8.049504541192835e-05  0.000000e+00  
         1 26538.000000       1.714 7.298972164339901e-05  0.000000e+00  
         1 26579.000000       1.717 6.701429334574923e-05  0.000000e+00  
         1 26620.000000       1.719 6.696385493672413e-05  0.000000e+00  
         1 26661.000000       1.722 6.680135219620712e-05  0.000000e+00  
         1 26702.000000       1.725 6.680135219620712e-05  0.000000e+00  
         1 26743.000000       1.728 6.680135219620712e-05  0.000000e+00  
         1 26784.000000       1.730 6.680135219620712e-05  0.000000e+00  
         1 26825.000000       1.733 6.680135219620712e-05  0.000000e+00  
         1 26866.000000       1.736 6.680135219620712e-05  0.000000e+00  
         1 26927.000000       1.739 5.278664155273644e-05  0.000000e+00  
         1 26968.000000       1.741 5.278621231455119e-05  0.000000e+00  
         1 27009.000000       1.744 5.234956451186227e-05  0.000000e+00  
         1 27050.000000       1.747 4.970538068400737e-05  0.000000e+00  
         1 27091.000000       1.749 4.970538068400737e-05  0.000000e+00  
         1 27132.000000       1.752 4.970538068400737e-05  0.000000e+00  
         1 27173.000000       1.755 4.970538068400737e-05  0.000000e+00  
         1 27214.000000       1.757 4.970538068400737e-05  0.000000e+00  
         1 27255.000000       1.760 4.970538068400737e-05  0.000000e+00  
         1 27296.000000       1.763 4.970538068400737e-05  0.000000e+00  
         1 27337.000000       1.766 4.970538068400737e-05  0.000000e+00  
         1 27378.000000       1.768 4.970538068400737e-05  0.000000e+00  
         1 27419.000000       1.771 4.970538068400737e-05  0.000000e+00  
         1 27460.000000       1.774 4.970538068400737e-05  0.000000e+00  
         1 27501.000000       1.776 4.970538068400737e-05  0.000000e+00  
         1 27542.000000       1.779 4.970538068400737e-05  0.000000e+00  
         1 27583.000000       1.782 3.336752846803525e-05  0.000000e+00  
         1 27624.000000       1.784 3.275490550677762e-05  0.000000e+00  
         1 27665.000000       1.787 3.275485992030915e-05  0.000000e+00  
         1 27706.000000       1.789 2.492351032490508e-05  0.000000e+00  
         1 27747.000000       1.792 2.116621352010006e-05  0.000000e+00  
         1 27788.000000       1.795 1.829192160724173e-05  0.000000e+00  
         1 27829.000000       1.797 1.796156114166743e-05  0.000000e+00  
         1 27870.000000       1.800 1.793857095843967e-05  0.000000e+00  
         1 27911.000000       1.803 8.914871074902885e-06  0.000000e+00  
         1 27952.000000       1.806 8.914871074902885e-06  0.000000e+00  
         1 27993.000000       1.808 8.914871074902885e-06  0.000000e+00  
         1 28034.000000       1.811 8.914871074902885e-06  0.000000e+00  
         1 28075.000000       1.814 8.914871074902885e-06  0.000000e+00  
         1 28116.000000       1.817 8.914871074902885e-06  0.000000e+00  
         1 28157.000000       1.820 8.914871074902885e-06  0.000000e+00  
         1 28198.000000       1.822 7.476439420599267e-06  0.000000e+00  
         1 28239.000000       1.825 5.440707520333589e-06  0.000000e+00  
         1 28280.000000       1.828 4.817388152025612e-06  0.000000e+00  
         1 28321.000000       1.830 4.817388149388231e-06  0.000000e+00  
         1 28362.000000       1.833 4.817388149388231e-06  0.000000e+00  
         1 28403.000000       1.836 4.817388149388231e-06  0.000000e+00  
         1 28444.000000       1.839 4.817388149388231e-06  0.000000e+00  
         1 28485.000000       1.841 4.058667081730158e-06  0.000000e+00  
         1 28526.000000       1.844 3.535510553756537e-06  0.000000e+00  
         1 28567.000000       1.847 3.531156480686047e-06  0.000000e+00  
         1 28608.000000       1.849 3.502043718132716e-06  0.000000e+00  
         1 28649.000000       1.852 3.395750015878003e-06  0.000000e+00  
         1 28690.000000       1.855 3.345116091051045e-06  0.000000e+00  
         1 28731.000000       1.857 3.345116091051045e-06  0.000000e+00  
         1 28772.000000       1.860 3.345116091051045e-06  0.000000e+00  
         1 28813.000000       1.863 3.345116091051045e-06  0.000000e+00  
         1 28854.000000       1.865 3.345116091051045e-06  0.000000e+00  
         1 28895.000000       1.868 3.345116091051045e-06  0.000000e+00  
         1 28936.000000       1.870 3.345116091051045e-06  0.000000e+00  
         1 28997.000000       1.874 3.345116091051045e-06  0.000000e+00  
         1 29038.000000       1.876 3.345116091051045e-06  0.000000e+00  
         1 29079.000000       1.879 3.345116091051045e-06  0.000000e+00  
         1 29120.000000       1.882 3.345116091051045e-06  0.000000e+00  
         1 29161.000000       1.884 2.947317298876742e-06  0.000000e+00  
         1 29202.000000       1.887 2.407352716517003e-06  0.000000e+00  
         1 29243.000000       1.890 2.394012466412982e-06  0.000000e+00  
         1 29284.000000       1.892 2.394012466412982e-06  0.000000e+00  
         1 29325.000000       1.895 2.394012466412982e-06  0.000000e+00  
         1 29366.000000       1.898 2.394012466412982e-06  0.000000e+00  
         1 29407.000000       1.900 2.286738267940797e-06  0.000000e+00  
         1 29448.000000       1.903 2.286738267940797e-06  0.000000e+00  
         1 29489.000000       1.906 2.239499551228725e-06  0.000000e+00  
         1 29530.000000       1.909 2.239499551228725e-06  0.000000e+00  
         1 29571.000000       1.911 2.239499551228725e-06  0.000000e+00  
         1 29612.000000       1.914 2.239499551228725e-06  0.000000e+00  
         1 29653.000000       1.917 2.239499551228725e-06  0.000000e+00  
         1 29694.000000       1.919 2.239499551228725e-06  0.000000e+00  
         1 29735.000000       1.922 2.239499551228725e-06  0.000000e+00  
         1 29776.000000       1.924 2.239499551228725e-06  0.000000e+00  
         1 29817.000000       1.927 2.160424613566448e-06  0.000000e+00  
         1 29858.000000       1.930 2.159890741541612e-06  0.000000e+00  
         1 29899.000000       1.932 2.086023052743704e-06  0.000000e+00  
         1 29940.000000       1.935 2.023344043913532e-06  0.000000e+00  
         1 29981.000000       1.938 1.912971566470847e-06  0.000000e+00  
         1 30022.000000       1.940 1.834994018499290e-06  0.000000e+00  
         1 30063.000000       1.943 1.811665917206383e-06  0.000000e+00  
         1 30104.000000       1.946 1.811664870198805e-06  0.000000e+00  
         1 30145.000000       1.948 1.811664870198805e-06  0.000000e+00  
         1 30186.000000       1.951 1.811664870198805e-06  0.000000e+00  
         1 30227.000000       1.954 1.794332080950039e-06  0.000000e+00  
         1 30268.000000       1.956 1.793962926786992e-06  0.000000e+00  
         1 30309.000000       1.959 1.775944846494908e-06  0.000000e+00  
         1 30350.000000       1.962 1.775268739651422e-06  0.000000e+00  
         1 30391.000000       1.964 1.756916128577622e-06  0.000000e+00  
         1 30432.000000       1.967 1.756916128570260e-06  0.000000e+00  
         1 30473.000000       1.970 1.756916128570260e-06  0.000000e+00  
         1 30514.000000       1.973 1.756916128570260e-06  0.000000e+00  
         1 30555.000000       1.975 1.756916128570260e-06  0.000000e+00  
         1 30596.000000       1.978 1.754990654690155e-06  0.000000e+00  
         1 30637.000000       1.981 1.743731465606183e-06  0.000000e+00  
         1 30678.000000       1.983 1.740739188825632e-06  0.000000e+00  
         1 30719.000000       1.986 1.735746166820451e-06  0.000000e+00  
         1 30760.000000       1.989 1.727408812779338e-06  0.000000e+00  
         1 30801.000000       1.991 1.704405452961388e-06  0.000000e+00  
         1 30842.000000       1.994 1.690782094057832e-06  0.000000e+00  
         1 30883.000000       1.997 1.665330853131336e-06  0.000000e+00  
         1 30924.000000       1.999 1.632988758387894e-06  0.000000e+00  
         1 30965.000000       2.002 1.574923815909901e-06  0.000000e+00  
         1 31006.000000       2.005 1.549302442991476e-06  0.000000e+00  
         1 31067.000000       2.008 1.484210824783152e-06  0.000000e+00  
         1 31108.000000       2.010 1.376603758858893e-06  0.000000e+00  
         1 31149.000000       2.013 1.371925458187197e-06  0.000000e+00  
         1 31190.000000       2.016 1.371925458187197e-06  0.000000e+00  
         1 31231.000000       2.018 1.371925458187197e-06  0.000000e+00  
         1 31272.000000       2.021 1.328136762145653e-06  0.000000e+00  
         1 31313.000000       2.024 1.327132425396668e-06  0.000000e+00  
         1 31354.000000       2.026 1.322963176918657e-06  0.000000e+00  
         1 31395.000000       2.029 1.262357199072086e-06  0.000000e+00  
         1 31436.000000       2.032 1.252675669795426e-06  0.000000e+00  
         1 31477.000000       2.034 1.104552091488439e-06  0.000000e+00  
         1 31518.000000       2.037 9.779333374910160e-07  0.000000e+00  
         1 31559.000000       2.040 7.991463116731693e-07  0.000000e+00  
         1 31600.000000       2.042 7.503668032481960e-07  0.000000e+00  
         1 31641.000000       2.045 7.354594851267444e-07  0.000000e+00  
         1 31682.000000       2.048 7.354594851267444e-07  0.000000e+00  
         1 31723.000000       2.050 7.354594851267444e-07  0.000000e+00  
         1 31764.000000       2.053 5.918811099964229e-07  0.000000e+00  
         1 31805.000000       2.056 5.832665522080835e-07  0.000000e+00  
         1 31846.000000       2.058 5.753814979876321e-07  0.000000e+00  
         1 31887.000000       2.061 5.753814979876321e-07  0.000000e+00  
         1 31928.000000       2.064 5.638459976242386e-07  0.000000e+00  
         1 31969.000000       2.066 4.602380185878563e-07  0.000000e+00  
         1 32010.000000       2.069 4.602380185878563e-07  0.000000e+00  
         1 32051.000000       2.072 4.207135106159946e-07  0.000000e+00  
         1 32092.000000       2.074 4.205890909765114e-07  0.000000e+00  
         1 32133.000000       2.077 4.123230625709168e-07  0.000000e+00  
         1 32174.000000       2.080 4.123230625709168e-07  0.000000e+00  
         1 32215.000000       2.082 4.123230625709168e-07  0.000000e+00  
         1 32256.000000       2.085 4.123230625709168e-07  0.000000e+00  
         1 32297.000000       2.088 4.123230625709168e-07  0.000000e+00  
         1 32338.000000       2.090 4.123230625709168e-07  0.000000e+00  
         1 32379.000000       2.093 4.123230625709168e-07  0.000000e+00  
         1 32420.000000       2.096 4.123230625709168e-07  0.000000e+00  
         1 32461.000000       2.098 4.101431116435998e-07  0.000000e+00  
         1 32502.000000       2.101 3.076119583551926e-07  0.000000e+00  
         1 32543.000000       2.104 1.883778290645345e-07  0.000000e+00  
         1 32584.000000       2.106 1.857795432864222e-07  0.000000e+00  
         1 32625.000000       2.109 1.683639682633762e-07  0.000000e+00  
         1 32666.000000       2.112 1.643931026976630e-07  0.000000e+00  
         1 32707.000000       2.114 1.626492194961700e-07  0.000000e+00  
         1 32748.000000       2.117 1.558833984762500e-07  0.000000e+00  
         1 32789.000000       2.120 1.558833984762500e-07  0.000000e+00  
         1 32830.000000       2.122 1.558833984762500e-07  0.000000e+00  
         1 32871.000000       2.125 1.558833984762500e-07  0.000000e+00  
         1 32912.000000       2.128 1.558833984762500e-07  0.000000e+00  
         1 32953.000000       2.130 1.558833984762500e-07  0.000000e+00  
         1 32994.000000       2.133 1.558833984762500e-07  0.000000e+00  
         1 33035.000000       2.136 1.558833984762500e-07  0.000000e+00  
         1 33076.000000       2.138 1.558833984762500e-07  0.000000e+00  
         1 33137.000000       2.142 1.558833984762500e-07  0.000000e+00  
         1 33178.000000       2.144 1.558833984762500e-07  0.000000e+00  
         1 33219.000000       2.147 1.558833984762500e-07  0.000000e+00  
         1 33260.000000       2.150 1.558833984762500e-07  0.000000e+00  
         1 33301.000000       2.152 1.461701684920072e-07  0.000000e+00  
         1 33342.000000       2.155 1.230908590121743e-07  0.000000e+00  
         1 33383.000000       2.158 1.230908589424863e-07  0.000000e+00  
         1 33424.000000       2.160 1.217605671716528e-07  0.000000e+00  
         1 33465.000000       2.163 1.094955134272476e-07  0.000000e+00  
         1 33506.000000       2.165 3.102443398618463e-08  0.000000e+00  
         1 33547.000000       2.168 3.102322046631840e-08  0.000000e+00  
         1 33588.000000       2.171 3.102322046631840e-08  0.000000e+00  
         1 33629.000000       2.174 3.102322046631840e-08  0.000000e+00  
         1 33670.000000       2.176 3.102322046631840e-08  0.000000e+00  
         1 33711.000000       2.179 3.102322046631840e-08  0.000000e+00  
         1 33752.000000       2.182 3.102322046631840e-08  0.000000e+00  
         1 33793.000000       2.184 3.102322046631840e-08  0.000000e+00  
         1 33834.000000       2.187 3.102322046631840e-08  0.000000e+00  
         1 33875.000000       2.190 3.102322046631840e-08  0.000000e+00  
         1 33916.000000       2.192 3.102322046631840e-08  0.000000e+00  
         1 33957.000000       2.195 3.102322046631840e-08  0.000000e+00  
         1 33998.000000       2.198 3.102322046631840e-08  0.000000e+00  
         1 34039.000000       2.200 3.102322046631840e-08  0.000000e+00  
         1 34080.000000       2.203 3.102322046631840e-08  0.000000e+00  
         1 34121.000000       2.206 3.102322046631840e-08  0.000000e+00  
         1 34162.000000       2.208 3.102322046631840e-08  0.000000e+00  
         1 34203.000000       2.211 3.102322046631840e-08  0.000000e+00  
         1 34244.000000       2.214 3.102322046631840e-08  0.000000e+00  
         1 34285.000000       2.216 2.472277440161937e-08  0.000000e+00  
         1 34326.000000       2.219 2.472206952025038e-08  0.000000e+00  
         1 34367.000000       2.222 2.446543847124265e-08  0.000000e+00  
         1 34408.000000       2.224 2.445136014812181e-08  0.000000e+00  
         1 34449.000000       2.227 2.445135286920329e-08  0.000000e+00  
         1 34490.000000       2.230 2.437843209249177e-08  0.000000e+00  
         1 34531.000000       2.232 2.437843209249177e-08  0.000000e+00  
         1 34572.000000       2.235 2.437843209249177e-08  0.000000e+00  
         1 34613.000000       2.238 2.437843209249177e-08  0.000000e+00  
         1 34654.000000       2.240 2.437843209249177e-08  0.000000e+00  
         1 34695.000000       2.243 2.437843209249177e-08  0.000000e+00  
         1 34736.000000       2.246 2.437843209249177e-08  0.000000e+00  
         1 34777.000000       2.248 2.437843209249177e-08  0.000000e+00  
         1 34818.000000       2.251 2.437843209249177e-08  0.000000e+00  
         1 34859.000000       2.253 2.437843209249177e-08  0.000000e+00  
         1 34900.000000       2.256 2.437843209249177e-08  0.000000e+00  
         1 34941.000000       2.259 2.437843209249177e-08  0.000000e+00  
         1 34982.000000       2.261 2.437843209249177e-08  0.000000e+00  
         1 35023.000000       2.264 2.437843209249177e-08  0.000000e+00  
         1 35064.000000       2.267 2.437843209249177e-08  0.000000e+00  
         1 35105.000000       2.269 2.437843209249177e-08  0.000000e+00  
         1 35146.000000       2.272 2.437843209249177e-08  0.000000e+00  
         1 35207.000000       2.275 2.437843209249177e-08  0.000000e+00  
         1 35248.000000       2.278 2.437843209249177e-08  0.000000e+00  
         1 35289.000000       2.280 2.437843209249177e-08  0.000000e+00  
         1 35330.000000       2.283 2.437843209249177e-08  0.000000e+00  
         1 35371.000000       2.286 2.437843209249177e-08  0.000000e+00  
         1 35412.000000       2.288 2.437843209249177e-08  0.000000e+00  
         1 35453.000000       2.291 2.437843209249177e-08  0.000000e+00  
         1 35494.000000       2.294 2.437843209249177e-08  0.000000e+00  
         1 35535.000000       2.296 1.955268069679550e-08  0.000000e+00  
         1 35576.000000       2.299 1.669789433365259e-08  0.000000e+00  
         1 35617.000000       2.302 1.645784843734321e-08  0.000000e+00  
         1 35658.000000       2.304 1.636950902341281e-08  0.000000e+00  
         1 35699.000000       2.307 1.406406139142628e-08  0.000000e+00  
         1 35740.000000       2.310 1.406398118608150e-08  0.000000e+00  
         1 35781.000000       2.312 1.241056634790475e-08  0.000000e+00  
         1 35822.000000       2.315 1.221795926020382e-08  0.000000e+00  
         1 35863.000000       2.318 1.190749040438438e-08  0.000000e+00  
         1 35904.000000       2.320 1.172287226870455e-08  0.000000e+00  
         1 35945.000000       2.323 1.108192678261965e-08  0.000000e+00  
         1 35986.000000       2.326 1.108169425532336e-08  0.000000e+00  
         1 36027.000000       2.328 1.102732279232586e-08  0.000000e+00  
         1 36068.000000       2.331 1.101904684686250e-08  0.000000e+00  
         1 36109.000000       2.334 1.101819557393994e-08  0.000000e+00  
         1 36150.000000       2.336 1.101802170694768e-08  0.000000e+00  
         1 36191.000000       2.339 1.101802170694768e-08  0.000000e+00  
         1 36232.000000       2.342 1.101802170694768e-08  0.000000e+00  
         1 36273.000000       2.344 1.101802170694768e-08  0.000000e+00  
         1 36314.000000       2.347 1.101802170694768e-08  0.000000e+00  
         1 36355.000000       2.350 1.101802170694768e-08  0.000000e+00  
         1 36396.000000       2.352 1.101802170694768e-08  0.000000e+00  
         1 36437.000000       2.355 1.101802170694768e-08  0.000000e+00  
         1 36478.000000       2.358 1.101802170694768e-08  0.000000e+00  
         1 36519.000000       2.360 1.101802170694768e-08  0.000000e+00  
         1 36560.000000       2.363 1.101802170694768e-08  0.000000e+00  
         1 36601.000000       2.365 7.846976523785425e-09  0.000000e+00  
         1 36642.000000       2.368 4.171538286185444e-09  0.000000e+00  
         1 36683.000000       2.371 3.473115451136102e-09  0.000000e+00  
         1 36724.000000       2.374 3.074361031019172e-09  0.000000e+00  
         1 36765.000000       2.376 2.433879883522569e-09  0.000000e+00  
         1 36806.000000       2.379 2.367863324483387e-09  0.000000e+00  
         1 36847.000000       2.382 2.300315466455613e-09  0.000000e+00  
         1 36888.000000       2.384 2.300315313291048e-09  0.000000e+00  
         1 36929.000000       2.387 2.089420906803329e-09  0.000000e+00  
         1 36970.000000       2.390 2.064882236446744e-09  0.000000e+00  
         1 37011.000000       2.392 1.840445605195354e-09  0.000000e+00  
         1 37052.000000       2.395 1.840436108535957e-09  0.000000e+00  
         1 37093.000000       2.398 1.518372638544112e-09  0.000000e+00  
         1 37134.000000       2.400 1.518372638544112e-09  0.000000e+00  
         1 37175.000000       2.403 1.358869176857654e-09  0.000000e+00  
         1 37216.000000       2.405 1.071574324627600e-09  0.000000e+00  
         1 37277.000000       2.409 1.071568736246675e-09  0.000000e+00  
         1 37318.000000       2.411 1.071568461923357e-09  0.000000e+00  
         1 37359.000000       2.414 1.071568461923357e-09  0.000000e+00  
         1 37400.000000       2.417 1.071568461923357e-09  0.000000e+00  
         1 37441.000000       2.420 1.071568461923357e-09  0.000000e+00  
         1 37482.000000       2.422 1.071568461923357e-09  0.000000e+00  
         1 37523.000000       2.425 1.071568461923357e-09  0.000000e+00  
         1 37564.000000       2.428 1.071568461923357e-09  0.000000e+00  
         1 37605.000000       2.430 1.071568461923357e-09  0.000000e+00  
         1 37646.000000       2.433 1.071568461923357e-09  0.000000e+00  
         1 37687.000000       2.436 1.071568461923357e-09  0.000000e+00  
         1 37728.000000       2.439 1.071568461923357e-09  0.000000e+00  
         1 37769.000000       2.441 1.071568461923357e-09  0.000000e+00  
         1 37810.000000       2.444 1.071568461923357e-09  0.000000e+00  
         1 37851.000000       2.447 1.071568461923357e-09  0.000000e+00  
         1 37892.000000       2.449 1.071568461923357e-09  0.000000e+00  
         1 37933.000000       2.452 1.071568461923357e-09  0.000000e+00  
         1 37974.000000       2.455 1.071568461923357e-09  0.000000e+00  
         1 38015.000000       2.457 1.071568461923357e-09  0.000000e+00  
         1 38056.000000       2.460 1.059009334520636e-09  0.000000e+00  
         1 38097.000000       2.463 1.049421841051740e-09  0.000000e+00  
         1 38138.000000       2.465 1.035050311000760e-09  0.000000e+00  
         1 38179.000000       2.468 8.662771684987078e-10  0.000000e+00  
         1 38220.000000       2.471 6.276324799742124e-10  0.000000e+00  
         1 38261.000000       2.473 5.741589359325813e-10  0.000000e+00  
         1 38302.000000       2.476 5.644918788846631e-10  0.000000e+00  
         1 38343.000000       2.479 5.644918771731155e-10  0.000000e+00  
         1 38384.000000       2.481 5.644918771731155e-10  0.000000e+00  
         1 38425.000000       2.484 5.032358113369910e-10  0.000000e+00  
         1 38466.000000       2.487 5.032321808933477e-10  0.000000e+00  
         1 38507.000000       2.489 4.401934418433346e-10  0.000000e+00  
         1 38548.000000       2.492 4.346683928842464e-10  0.000000e+00  
         1 38589.000000       2.495 3.912280793171601e-10  0.000000e+00  
         1 38630.000000       2.497 3.665761505717531e-10  0.000000e+00  
         1 38671.000000       2.500 3.580049798738325e-10  0.000000e+00  
         1 38712.000000       2.503 3.399605274888692e-10  0.000000e+00  
         1 38753.000000       2.505 3.328853297091011e-10  0.000000e+00  
         1 38794.000000       2.508 3.319496506154551e-10  0.000000e+00  
         1 38835.000000       2.511 3.319496506154551e-10  0.000000e+00  
         1 38876.000000       2.513 3.319496506154551e-10  0.000000e+00  
         1 38917.000000       2.516 3.179533399572135e-10  0.000000e+00  
         1 38958.000000       2.519 3.084473073699855e-10  0.000000e+00  
         1 38999.000000       2.521 3.084473073699855e-10  0.000000e+00  
         1 39040.000000       2.524 3.084473073699855e-10  0.000000e+00  
         1 39081.000000       2.527 3.084473073699855e-10  0.000000e+00  
         1 39122.000000       2.529 3.084473073699855e-10  0.000000e+00  
         1 39163.000000       2.532 3.084473073699855e-10  0.000000e+00  
         1 39204.000000       2.535 2.269787926277759e-10  0.000000e+00  
         1 39245.000000       2.537 2.108523945387215e-10  0.000000e+00  
         1 39286.000000       2.540 1.806494181961719e-10  0.000000e+00  
         1 39347.000000       2.543 1.796037705317789e-10  0.000000e+00  
         1 39388.000000       2.546 1.665716477928399e-10  0.000000e+00  
         1 39429.000000       2.549 1.378421067680631e-10  0.000000e+00  
         1 39470.000000       2.551 1.163655528382545e-10  0.000000e+00  
         1 39511.000000       2.554 1.163655528382545e-10  0.000000e+00  
         1 39552.000000       2.557 1.163655528382545e-10  0.000000e+00  
         1 39593.000000       2.559 1.163655528382545e-10  0.000000e+00  
         1 39634.000000       2.562 1.163655528382545e-10  0.000000e+00  
         1 39675.000000       2.565 1.163655528382545e-10  0.000000e+00  
         1 39716.000000       2.567 1.163655528382545e-10  0.000000e+00  
         1 39757.000000       2.570 1.163655528382545e-10  0.000000e+00  
         1 39798.000000       2.573 1.163655528382545e-10  0.000000e+00  
         1 39839.000000       2.575 1.163655528382545e-10  0.000000e+00  
         1 39880.000000       2.578 1.163655528382545e-10  0.000000e+00  
         1 39921.000000       2.581 1.163655528382545e-10  0.000000e+00  
         1 39962.000000       2.583 1.163655528382545e-10  0.000000e+00  
         1 40003.000000       2.586 1.163655528382545e-10  0.000000e+00  
         1 40044.000000       2.589 1.163655528382545e-10  0.000000e+00  
         1 40085.000000       2.591 1.163655528382545e-10  0.000000e+00  
         1 40126.000000       2.594 1.163655528382545e-10  0.000000e+00  
         1 40167.000000       2.597 1.163655528382545e-10  0.000000e+00  
         1 40208.000000       2.599 1.163655528382545e-10  0.000000e+00  
         1 40249.000000       2.602 1.163655528382545e-10  0.000000e+00  
         1 40290.000000       2.605 1.123806721730345e-10  0.000000e+00  
         1 40331.000000       2.607 1.006626193990342e-10  0.000000e+00  
         1 40372.000000       2.610 1.006626193990342e-10  0.000000e+00  
         1 40413.000000       2.613 1.006626193990342e-10  0.000000e+00  
         1 40454.000000       2.615 1.006626193990342e-10  0.000000e+00  
         1 40496.000000       2.618 9.691265188401043e-11  0.000000e+00  
