# Generation  Evaluations  Time(s)  Best-obj. Best-cons. [Pop.index  Subgen.  Pop.size  Dis.mult.[0]  Pop.best.obj. Pop.avg.obj.  Pop.var.obj. Pop.worst.obj.  Pop.best.con. Pop.avg.con.  Pop.var.con. Pop.worst.con.]
         1   40.000000       0.000 2.444916777934948e+11  0.000000e+00  
         1  118.000000       0.003 2.209258188730918e+11  0.000000e+00  
         1  202.000000       0.005 1.377126260621876e+11  0.000000e+00  
         1  286.000000       0.008 5.427967410705099e+10  0.000000e+00  
         1  370.000000       0.010 3.214987080800177e+09  0.000000e+00  
         1  454.000000       0.012 1.146710915975219e+09  0.000000e+00  
         1  538.000000       0.015 6.049430458123882e+08  0.000000e+00  
         1  622.000000       0.017 5.441835900989604e+07  0.000000e+00  
         1  706.000000       0.019 1.352727782165456e+07  0.000000e+00  
         1  790.000000       0.021 3.051460006348222e+06  0.000000e+00  
         1  874.000000       0.024 2.760475682801269e+05  0.000000e+00  
         1  958.000000       0.026 2.447051804470635e+04  0.000000e+00  
         1 1042.000000       0.028 4.780239693804263e+03  0.000000e+00  
         1 1126.000000       0.030 8.973601366050807e+02  0.000000e+00  
         1 1210.000000       0.033 2.166222157284537e+02  0.000000e+00  
         1 1294.000000       0.035 1.702952451501178e+02  0.000000e+00  
         1 1378.000000       0.037 1.638645032511587e+02  0.000000e+00  
         1 1462.000000       0.039 1.474528498897011e+02  0.000000e+00  
         1 1546.000000       0.042 1.086165176224002e+02  0.000000e+00  
         1 1630.000000       0.044 1.086165176224002e+02  0.000000e+00  
         1 1714.000000       0.046 1.086165176224002e+02  0.000000e+00  
         1 1798.000000       0.049 9.161034357112550e+01  0.000000e+00  
         1 1882.000000       0.051 9.161034357112550e+01  0.000000e+00  
         1 1966.000000       0.053 9.161034357112550e+01  0.000000e+00  
         1 2050.000000       0.056 8.574007823039193e+01  0.000000e+00  
         1 2134.000000       0.058 7.916862708024915e+01  0.000000e+00  
         1 2218.000000       0.061 6.340835277571898e+01  0.000000e+00  
         1 2302.000000       0.063 5.393582612355156e+01  0.000000e+00  
         1 2386.000000       0.065 4.204409082925595e+01  0.000000e+00  
         1 2470.000000       0.068 3.938515007307886e+01  0.000000e+00  
         1 2554.000000       0.070 3.338159284321900e+01  0.000000e+00  
         1 2638.000000       0.073 2.558942692625515e+01  0.000000e+00  
         1 2722.000000       0.075 2.374387363956021e+01  0.000000e+00  
         1 2806.000000       0.077 2.121117727790326e+01  0.000000e+00  
         1 2890.000000       0.080 1.987971413492119e+01  0.000000e+00  
         1 2974.000000       0.082 1.944260529230303e+01  0.000000e+00  
         1 3058.000000       0.085 1.927856548355605e+01  0.000000e+00  
         1 3142.000000       0.087 1.906966146595609e+01  0.000000e+00  
         1 3226.000000       0.089 1.902154625876604e+01  0.000000e+00  
         1 3310.000000       0.092 1.895808433847979e+01  0.000000e+00  
         1 3394.000000       0.094 1.891356711521252e+01  0.000000e+00  
         1 3478.000000       0.096 1.883477886280978e+01  0.000000e+00  
         1 3562.000000       0.099 1.881588375614121e+01  0.000000e+00  
         1 3646.000000       0.101 1.866776477775461e+01  0.000000e+00  
         1 3730.000000       0.103 1.865771996605186e+01  0.000000e+00  
         1 3814.000000       0.106 1.865771996605186e+01  0.000000e+00  
         1 3898.000000       0.108 1.865771996605186e+01  0.000000e+00  
         1 3982.000000       0.111 1.865771996605186e+01  0.000000e+00  
         1 4066.000000       0.113 1.865771996605186e+01  0.000000e+00  
         1 4150.000000       0.115 1.865771996605186e+01  0.000000e+00  
         1 4274.000000       0.118 1.862010894989908e+01  0.000000e+00  
         1 4358.000000       0.120 1.858500166136379e+01  0.000000e+00  
         1 4442.000000       0.123 1.858007407573938e+01  0.000000e+00  
         1 4526.000000       0.125 1.849626679041790e+01  0.000000e+00  
         1 4610.000000       0.127 1.841796994411683e+01  0.000000e+00  
         1 4694.000000       0.130 1.825928895915425e+01  0.000000e+00  
         1 4778.000000       0.132 1.820955216772221e+01  0.000000e+00  
         1 4862.000000       0.134 1.817257762217652e+01  0.000000e+00  
         1 4946.000000       0.137 1.807892484065824e+01  0.000000e+00  
         1 5030.000000       0.139 1.807582914805386e+01  0.000000e+00  
         1 5114.000000       0.141 1.807465169373722e+01  0.000000e+00  
         1 5198.000000       0.143 1.801893897226902e+01  0.000000e+00  
         1 5282.000000       0.146 1.801606696754140e+01  0.000000e+00  
         1 5366.000000       0.148 1.787571119697768e+01  0.000000e+00  
         1 5450.000000       0.150 1.783656166945713e+01  0.000000e+00  
         1 5534.000000       0.152 1.783363930241045e+01  0.000000e+00  
         1 5618.000000       0.155 1.767849201949139e+01  0.000000e+00  
         1 5702.000000       0.157 1.767340823877932e+01  0.000000e+00  
         1 5786.000000       0.159 1.763825512066222e+01  0.000000e+00  
         1 5870.000000       0.162 1.763308380979629e+01  0.000000e+00  
         1 5954.000000       0.164 1.763308345427136e+01  0.000000e+00  
         1 6038.000000       0.166 1.763308345427136e+01  0.000000e+00  
         1 6122.000000       0.168 1.761802955069518e+01  0.000000e+00  
         1 6206.000000       0.171 1.753957529898285e+01  0.000000e+00  
         1 6290.000000       0.173 1.743155583026182e+01  0.000000e+00  
         1 6374.000000       0.175 1.743155583026182e+01  0.000000e+00  
         1 6458.000000       0.177 1.743155583026182e+01  0.000000e+00  
         1 6542.000000       0.180 1.740165645775361e+01  0.000000e+00  
         1 6626.000000       0.182 1.740165636351141e+01  0.000000e+00  
         1 6710.000000       0.184 1.739887151618385e+01  0.000000e+00  
         1 6794.000000       0.187 1.730314442960499e+01  0.000000e+00  
         1 6878.000000       0.189 1.730264110676048e+01  0.000000e+00  
         1 6962.000000       0.191 1.730160564768509e+01  0.000000e+00  
         1 7046.000000       0.193 1.714177963921689e+01  0.000000e+00  
         1 7130.000000       0.196 1.711785380401582e+01  0.000000e+00  
         1 7214.000000       0.198 1.691492045147080e+01  0.000000e+00  
         1 7298.000000       0.200 1.672687655955184e+01  0.000000e+00  
         1 7382.000000       0.202 1.672686321450975e+01  0.000000e+00  
         1 7466.000000       0.205 1.665780518349088e+01  0.000000e+00  
         1 7550.000000       0.207 1.664957331505475e+01  0.000000e+00  
         1 7634.000000       0.209 1.653451739717234e+01  0.000000e+00  
         1 7718.000000       0.212 1.653087850390643e+01  0.000000e+00  
         1 7802.000000       0.214 1.653087850390643e+01  0.000000e+00  
         1 7886.000000       0.216 1.653087850390643e+01  0.000000e+00  
         1 7970.000000       0.218 1.653087850390643e+01  0.000000e+00  
         1 8054.000000       0.221 1.653087850390643e+01  0.000000e+00  
         1 8138.000000       0.223 1.653087850390643e+01  0.000000e+00  
         1 8222.000000       0.225 1.649110678687756e+01  0.000000e+00  
         1 8306.000000       0.227 1.649110678680800e+01  0.000000e+00  
         1 8390.000000       0.230 1.649110678680800e+01  0.000000e+00  
         1 8514.000000       0.232 1.649110678680800e+01  0.000000e+00  
         1 8598.000000       0.235 1.644882222810394e+01  0.000000e+00  
         1 8682.000000       0.237 1.630122078688928e+01  0.000000e+00  
         1 8766.000000       0.239 1.626425346935288e+01  0.000000e+00  
         1 8850.000000       0.241 1.606836822368840e+01  0.000000e+00  
         1 8934.000000       0.244 1.601132951702758e+01  0.000000e+00  
         1 9018.000000       0.246 1.598418080963303e+01  0.000000e+00  
         1 9102.000000       0.248 1.598418080963295e+01  0.000000e+00  
         1 9186.000000       0.251 1.598418080963295e+01  0.000000e+00  
         1 9270.000000       0.253 1.598418080963295e+01  0.000000e+00  
         1 9354.000000       0.255 1.586804602788222e+01  0.000000e+00  
         1 9438.000000       0.257 1.579759132184683e+01  0.000000e+00  
         1 9522.000000       0.260 1.577826676715696e+01  0.000000e+00  
         1 9606.000000       0.262 1.570824794246414e+01  0.000000e+00  
         1 9690.000000       0.264 1.561488967112904e+01  0.000000e+00  
         1 9774.000000       0.267 1.546035203380455e+01  0.000000e+00  
         1 9858.000000       0.269 1.534158922629293e+01  0.000000e+00  
         1 9942.000000       0.272 1.530814376725894e+01  0.000000e+00  
         1 10026.000000       0.274 1.530031034266265e+01  0.000000e+00  
         1 10110.000000       0.276 1.516233522481501e+01  0.000000e+00  
         1 10194.000000       0.279 1.509449277660414e+01  0.000000e+00  
         1 10278.000000       0.281 1.509400506919189e+01  0.000000e+00  
         1 10362.000000       0.283 1.504570346942240e+01  0.000000e+00  
         1 10446.000000       0.286 1.496563871254521e+01  0.000000e+00  
         1 10530.000000       0.288 1.495558354324218e+01  0.000000e+00  
         1 10614.000000       0.290 1.494619806931102e+01  0.000000e+00  
         1 10698.000000       0.292 1.481112166922742e+01  0.000000e+00  
         1 10782.000000       0.295 1.480252853733256e+01  0.000000e+00  
         1 10866.000000       0.297 1.480252853733256e+01  0.000000e+00  
         1 10950.000000       0.299 1.480252853733256e+01  0.000000e+00  
         1 11034.000000       0.302 1.480252853733256e+01  0.000000e+00  
         1 11118.000000       0.304 1.480252853733256e+01  0.000000e+00  
         1 11202.000000       0.306 1.480252853733256e+01  0.000000e+00  
         1 11286.000000       0.309 1.472751454668122e+01  0.000000e+00  
         1 11370.000000       0.311 1.471390299705083e+01  0.000000e+00  
         1 11454.000000       0.313 1.460606189426506e+01  0.000000e+00  
         1 11538.000000       0.316 1.449227515401243e+01  0.000000e+00  
         1 11622.000000       0.318 1.439108184312473e+01  0.000000e+00  
         1 11706.000000       0.320 1.432519064671180e+01  0.000000e+00  
         1 11790.000000       0.323 1.431614969921170e+01  0.000000e+00  
         1 11874.000000       0.325 1.420848261440014e+01  0.000000e+00  
         1 11958.000000       0.327 1.420848261440014e+01  0.000000e+00  
         1 12042.000000       0.330 1.420848261440014e+01  0.000000e+00  
         1 12126.000000       0.332 1.418610686132085e+01  0.000000e+00  
         1 12210.000000       0.334 1.407515130548154e+01  0.000000e+00  
         1 12294.000000       0.336 1.403612012402422e+01  0.000000e+00  
         1 12378.000000       0.339 1.395340409982819e+01  0.000000e+00  
         1 12462.000000       0.341 1.383666076767712e+01  0.000000e+00  
         1 12546.000000       0.344 1.377126764050985e+01  0.000000e+00  
         1 12630.000000       0.346 1.376637227143030e+01  0.000000e+00  
         1 12754.000000       0.348 1.375978019267791e+01  0.000000e+00  
         1 12838.000000       0.351 1.369921806847257e+01  0.000000e+00  
         1 12922.000000       0.353 1.366810274209724e+01  0.000000e+00  
         1 13006.000000       0.355 1.365245828825081e+01  0.000000e+00  
         1 13090.000000       0.357 1.364859888082379e+01  0.000000e+00  
         1 13174.000000       0.360 1.359771927958255e+01  0.000000e+00  
         1 13258.000000       0.362 1.359646728629153e+01  0.000000e+00  
         1 13342.000000       0.364 1.358845331210345e+01  0.000000e+00  
         1 13426.000000       0.367 1.354387773550654e+01  0.000000e+00  
         1 13510.000000       0.369 1.340771423959288e+01  0.000000e+00  
         1 13594.000000       0.371 1.335002527661622e+01  0.000000e+00  
         1 13678.000000       0.373 1.332660738671554e+01  0.000000e+00  
         1 13762.000000       0.376 1.327442058321207e+01  0.000000e+00  
         1 13846.000000       0.378 1.322834464245875e+01  0.000000e+00  
         1 13930.000000       0.380 1.319603756309884e+01  0.000000e+00  
         1 14014.000000       0.383 1.315289785787062e+01  0.000000e+00  
         1 14098.000000       0.385 1.304998615559042e+01  0.000000e+00  
         1 14182.000000       0.387 1.295827703003657e+01  0.000000e+00  
         1 14266.000000       0.389 1.294652148896692e+01  0.000000e+00  
         1 14350.000000       0.392 1.287141834621721e+01  0.000000e+00  
         1 14434.000000       0.394 1.275752447920190e+01  0.000000e+00  
         1 14518.000000       0.397 1.259560129372241e+01  0.000000e+00  
         1 14602.000000       0.399 1.249089146114546e+01  0.000000e+00  
         1 14686.000000       0.401 1.238358075664987e+01  0.000000e+00  
         1 14770.000000       0.403 1.233179417084651e+01  0.000000e+00  
         1 14854.000000       0.406 1.233179417084651e+01  0.000000e+00  
         1 14938.000000       0.408 1.220304048960473e+01  0.000000e+00  
         1 15022.000000       0.410 1.217281672357136e+01  0.000000e+00  
         1 15106.000000       0.412 1.216527030150814e+01  0.000000e+00  
         1 15190.000000       0.415 1.209769917444328e+01  0.000000e+00  
         1 15274.000000       0.417 1.205335686992102e+01  0.000000e+00  
         1 15358.000000       0.419 1.189270071008318e+01  0.000000e+00  
         1 15442.000000       0.422 1.189193825199389e+01  0.000000e+00  
         1 15526.000000       0.424 1.182568913664478e+01  0.000000e+00  
         1 15610.000000       0.426 1.179782059648185e+01  0.000000e+00  
         1 15694.000000       0.428 1.175176220847868e+01  0.000000e+00  
         1 15778.000000       0.431 1.175176220847868e+01  0.000000e+00  
         1 15862.000000       0.433 1.175176220847868e+01  0.000000e+00  
         1 15946.000000       0.435 1.162617913012907e+01  0.000000e+00  
         1 16030.000000       0.438 1.155257318781295e+01  0.000000e+00  
         1 16114.000000       0.440 1.155204820573960e+01  0.000000e+00  
         1 16198.000000       0.442 1.143477376230826e+01  0.000000e+00  
         1 16282.000000       0.444 1.142761136345921e+01  0.000000e+00  
         1 16366.000000       0.447 1.140155888508960e+01  0.000000e+00  
         1 16450.000000       0.449 1.135422649705492e+01  0.000000e+00  
         1 16534.000000       0.451 1.116726365918511e+01  0.000000e+00  
         1 16618.000000       0.453 1.111740249641381e+01  0.000000e+00  
         1 16702.000000       0.456 1.087112483617055e+01  0.000000e+00  
         1 16786.000000       0.458 1.069291756621143e+01  0.000000e+00  
         1 16870.000000       0.460 1.057878514038229e+01  0.000000e+00  
         1 16994.000000       0.463 1.056364212103178e+01  0.000000e+00  
         1 17078.000000       0.465 1.055211303691003e+01  0.000000e+00  
         1 17162.000000       0.467 1.055097314982144e+01  0.000000e+00  
         1 17246.000000       0.470 1.052281974521962e+01  0.000000e+00  
         1 17330.000000       0.472 1.047002046157392e+01  0.000000e+00  
         1 17414.000000       0.474 1.046494545499770e+01  0.000000e+00  
         1 17498.000000       0.477 1.036350257156584e+01  0.000000e+00  
         1 17582.000000       0.479 1.020994296789573e+01  0.000000e+00  
         1 17666.000000       0.481 1.018448057341545e+01  0.000000e+00  
         1 17750.000000       0.484 1.018448057341545e+01  0.000000e+00  
         1 17834.000000       0.486 1.018161159800093e+01  0.000000e+00  
         1 17918.000000       0.488 1.018161159800093e+01  0.000000e+00  
         1 18002.000000       0.491 1.018161159800093e+01  0.000000e+00  
         1 18086.000000       0.493 1.011224922654487e+01  0.000000e+00  
         1 18170.000000       0.495 1.006903928611597e+01  0.000000e+00  
         1 18254.000000       0.497 1.003465468274081e+01  0.000000e+00  
         1 18338.000000       0.500 1.003465468274081e+01  0.000000e+00  
         1 18422.000000       0.502 1.003465468274081e+01  0.000000e+00  
         1 18506.000000       0.504 1.003465468274081e+01  0.000000e+00  
         1 18590.000000       0.506 1.003465468274081e+01  0.000000e+00  
         1 18674.000000       0.509 1.003120974102195e+01  0.000000e+00  
         1 18758.000000       0.511 9.947648433793931e+00  0.000000e+00  
         1 18842.000000       0.513 9.773609962770880e+00  0.000000e+00  
         1 18926.000000       0.516 9.569052947839788e+00  0.000000e+00  
         1 19010.000000       0.518 9.569052947839788e+00  0.000000e+00  
         1 19094.000000       0.520 9.569052947839788e+00  0.000000e+00  
         1 19178.000000       0.522 9.569052947839788e+00  0.000000e+00  
         1 19262.000000       0.525 9.488517459001228e+00  0.000000e+00  
         1 19346.000000       0.527 9.470555375716462e+00  0.000000e+00  
         1 19430.000000       0.529 9.366873874726217e+00  0.000000e+00  
         1 19514.000000       0.532 9.312848119470356e+00  0.000000e+00  
         1 19598.000000       0.534 9.220066692125950e+00  0.000000e+00  
         1 19682.000000       0.536 9.219994553065705e+00  0.000000e+00  
         1 19766.000000       0.538 9.219994553065705e+00  0.000000e+00  
         1 19850.000000       0.541 9.219994553065705e+00  0.000000e+00  
         1 19934.000000       0.543 9.219994553065705e+00  0.000000e+00  
         1 20018.000000       0.545 9.146226900912293e+00  0.000000e+00  
         1 20102.000000       0.548 9.107329522742402e+00  0.000000e+00  
         1 20186.000000       0.550 9.050572296873122e+00  0.000000e+00  
         1 20270.000000       0.552 9.034377615481386e+00  0.000000e+00  
         1 20354.000000       0.554 9.034008613104435e+00  0.000000e+00  
         1 20438.000000       0.557 9.030898319075142e+00  0.000000e+00  
         1 20522.000000       0.559 9.030898319075142e+00  0.000000e+00  
         1 20606.000000       0.561 8.998056718388327e+00  0.000000e+00  
         1 20690.000000       0.564 8.899929431554643e+00  0.000000e+00  
         1 20774.000000       0.566 8.899929431554643e+00  0.000000e+00  
         1 20858.000000       0.568 8.899929431554643e+00  0.000000e+00  
         1 20942.000000       0.570 8.898332606098938e+00  0.000000e+00  
         1 21026.000000       0.573 8.882011561012380e+00  0.000000e+00  
         1 21110.000000       0.575 8.834886186859435e+00  0.000000e+00  
         1 21234.000000       0.578 8.713570754626346e+00  0.000000e+00  
         1 21318.000000       0.580 8.713569807225566e+00  0.000000e+00  
         1 21402.000000       0.582 8.712211201966083e+00  0.000000e+00  
         1 21486.000000       0.584 8.486103178007882e+00  0.000000e+00  
         1 21570.000000       0.587 8.486099288123306e+00  0.000000e+00  
         1 21654.000000       0.589 8.474771051122401e+00  0.000000e+00  
         1 21738.000000       0.592 8.447542048978908e+00  0.000000e+00  
         1 21822.000000       0.594 8.378953192312363e+00  0.000000e+00  
         1 21906.000000       0.596 8.300414717147781e+00  0.000000e+00  
         1 21990.000000       0.599 8.293943329096995e+00  0.000000e+00  
         1 22074.000000       0.601 8.266829733096207e+00  0.000000e+00  
         1 22158.000000       0.603 8.111100817240635e+00  0.000000e+00  
         1 22242.000000       0.606 8.029847355591839e+00  0.000000e+00  
         1 22326.000000       0.608 8.005857511396142e+00  0.000000e+00  
         1 22410.000000       0.610 7.986757686000352e+00  0.000000e+00  
         1 22494.000000       0.612 7.981716071422085e+00  0.000000e+00  
         1 22578.000000       0.615 7.949231419376336e+00  0.000000e+00  
         1 22662.000000       0.617 7.898042219948515e+00  0.000000e+00  
         1 22746.000000       0.619 7.881063685983507e+00  0.000000e+00  
         1 22830.000000       0.622 7.833010255030068e+00  0.000000e+00  
         1 22914.000000       0.624 7.774762115257071e+00  0.000000e+00  
         1 22998.000000       0.626 7.690115622792367e+00  0.000000e+00  
         1 23082.000000       0.628 7.625361746553295e+00  0.000000e+00  
         1 23166.000000       0.631 7.562149626387813e+00  0.000000e+00  
         1 23250.000000       0.633 7.180157794259834e+00  0.000000e+00  
         1 23334.000000       0.635 7.153987326280898e+00  0.000000e+00  
         1 23418.000000       0.638 7.094670463956891e+00  0.000000e+00  
         1 23502.000000       0.640 7.020985612943726e+00  0.000000e+00  
         1 23586.000000       0.642 7.013904167978817e+00  0.000000e+00  
         1 23670.000000       0.644 7.002017255023632e+00  0.000000e+00  
         1 23754.000000       0.647 7.002017255023632e+00  0.000000e+00  
         1 23838.000000       0.649 6.928103146026235e+00  0.000000e+00  
         1 23922.000000       0.651 6.841062625968829e+00  0.000000e+00  
         1 24006.000000       0.654 6.840569951627213e+00  0.000000e+00  
         1 24090.000000       0.656 6.840569951627213e+00  0.000000e+00  
         1 24174.000000       0.658 6.619619585887141e+00  0.000000e+00  
         1 24258.000000       0.660 6.571627018236568e+00  0.000000e+00  
         1 24342.000000       0.663 6.511282121804538e+00  0.000000e+00  
         1 24426.000000       0.665 6.397197044490185e+00  0.000000e+00  
         1 24510.000000       0.667 6.353297137472030e+00  0.000000e+00  
         1 24594.000000       0.670 6.345915298990630e+00  0.000000e+00  
         1 24678.000000       0.672 6.345915298990630e+00  0.000000e+00  
         1 24762.000000       0.674 6.345915298990630e+00  0.000000e+00  
         1 24846.000000       0.676 6.262027568735428e+00  0.000000e+00  
         1 24930.000000       0.679 6.231454515435749e+00  0.000000e+00  
         1 25014.000000       0.681 6.118525311080336e+00  0.000000e+00  
         1 25098.000000       0.683 6.043793708901264e+00  0.000000e+00  
         1 25182.000000       0.686 5.971451204414620e+00  0.000000e+00  
         1 25266.000000       0.688 5.952686755306017e+00  0.000000e+00  
         1 25350.000000       0.690 5.944943481133459e+00  0.000000e+00  
         1 25474.000000       0.693 5.844197986336971e+00  0.000000e+00  
         1 25558.000000       0.695 5.827657231711147e+00  0.000000e+00  
         1 25642.000000       0.698 5.725258417149341e+00  0.000000e+00  
         1 25726.000000       0.700 5.721913899794334e+00  0.000000e+00  
         1 25810.000000       0.702 5.536891753169888e+00  0.000000e+00  
         1 25894.000000       0.704 5.523140812945207e+00  0.000000e+00  
         1 25978.000000       0.707 5.523140812945207e+00  0.000000e+00  
         1 26062.000000       0.709 5.523140812945207e+00  0.000000e+00  
         1 26146.000000       0.711 5.523140812945207e+00  0.000000e+00  
         1 26230.000000       0.714 5.467088738874749e+00  0.000000e+00  
         1 26314.000000       0.716 5.453203109324033e+00  0.000000e+00  
         1 26398.000000       0.718 5.441468551445407e+00  0.000000e+00  
         1 26482.000000       0.720 5.398372068134120e+00  0.000000e+00  
         1 26566.000000       0.723 5.398372068134120e+00  0.000000e+00  
         1 26650.000000       0.725 5.338156243824844e+00  0.000000e+00  
         1 26734.000000       0.727 5.199286468596467e+00  0.000000e+00  
         1 26818.000000       0.730 5.145765438157850e+00  0.000000e+00  
         1 26902.000000       0.732 5.093281582486290e+00  0.000000e+00  
         1 26986.000000       0.734 5.093281582486290e+00  0.000000e+00  
         1 27070.000000       0.737 5.093281582486290e+00  0.000000e+00  
         1 27154.000000       0.739 5.093281582486290e+00  0.000000e+00  
         1 27238.000000       0.741 5.093281582486290e+00  0.000000e+00  
         1 27322.000000       0.743 5.034486156476573e+00  0.000000e+00  
         1 27406.000000       0.746 4.985164500212109e+00  0.000000e+00  
         1 27490.000000       0.748 4.982658902303633e+00  0.000000e+00  
         1 27574.000000       0.750 4.982658902303633e+00  0.000000e+00  
         1 27658.000000       0.753 4.937169346309815e+00  0.000000e+00  
         1 27742.000000       0.755 4.895578552227634e+00  0.000000e+00  
         1 27826.000000       0.757 4.860853279377669e+00  0.000000e+00  
         1 27910.000000       0.759 4.853436110838874e+00  0.000000e+00  
         1 27994.000000       0.762 4.762273126093272e+00  0.000000e+00  
         1 28078.000000       0.764 4.713676483224173e+00  0.000000e+00  
         1 28162.000000       0.766 4.689352471680651e+00  0.000000e+00  
         1 28246.000000       0.769 4.685654089031049e+00  0.000000e+00  
         1 28330.000000       0.771 4.673186709218785e+00  0.000000e+00  
         1 28414.000000       0.773 4.654482135331902e+00  0.000000e+00  
         1 28498.000000       0.776 4.646143226473351e+00  0.000000e+00  
         1 28582.000000       0.778 4.639402962084578e+00  0.000000e+00  
         1 28666.000000       0.780 4.583236734209579e+00  0.000000e+00  
         1 28750.000000       0.782 4.557301373471678e+00  0.000000e+00  
         1 28834.000000       0.785 4.544889632010936e+00  0.000000e+00  
         1 28918.000000       0.787 4.531050080220482e+00  0.000000e+00  
         1 29002.000000       0.789 4.524299688453183e+00  0.000000e+00  
         1 29086.000000       0.792 4.524290756137134e+00  0.000000e+00  
         1 29170.000000       0.794 4.524290756137134e+00  0.000000e+00  
         1 29254.000000       0.796 4.462417396004659e+00  0.000000e+00  
         1 29338.000000       0.798 4.458601261165911e+00  0.000000e+00  
         1 29422.000000       0.801 4.457581893879643e+00  0.000000e+00  
         1 29506.000000       0.803 4.457581892952057e+00  0.000000e+00  
         1 29590.000000       0.805 4.428547439947107e+00  0.000000e+00  
         1 29714.000000       0.808 4.428520894319440e+00  0.000000e+00  
         1 29798.000000       0.811 4.374085583027872e+00  0.000000e+00  
         1 29882.000000       0.813 4.340107920057531e+00  0.000000e+00  
         1 29966.000000       0.815 4.335031075103513e+00  0.000000e+00  
         1 30050.000000       0.817 4.335027201134406e+00  0.000000e+00  
         1 30134.000000       0.820 4.335027201134406e+00  0.000000e+00  
         1 30218.000000       0.822 4.314361819477113e+00  0.000000e+00  
         1 30302.000000       0.824 4.306574528305388e+00  0.000000e+00  
         1 30386.000000       0.827 4.306574528305388e+00  0.000000e+00  
         1 30470.000000       0.829 4.295289774525465e+00  0.000000e+00  
         1 30554.000000       0.831 4.295282477612188e+00  0.000000e+00  
         1 30638.000000       0.834 4.295199752318450e+00  0.000000e+00  
         1 30722.000000       0.836 4.295170294199564e+00  0.000000e+00  
         1 30806.000000       0.838 4.295141578033017e+00  0.000000e+00  
         1 30890.000000       0.840 4.293666337684265e+00  0.000000e+00  
         1 30974.000000       0.843 4.293666336858279e+00  0.000000e+00  
         1 31058.000000       0.845 4.280105288395530e+00  0.000000e+00  
         1 31142.000000       0.847 4.252220459245870e+00  0.000000e+00  
         1 31226.000000       0.850 4.231752309952263e+00  0.000000e+00  
         1 31310.000000       0.852 4.212487980185716e+00  0.000000e+00  
         1 31394.000000       0.854 4.211470904587673e+00  0.000000e+00  
         1 31478.000000       0.856 4.211470904587673e+00  0.000000e+00  
         1 31562.000000       0.859 4.184831897661698e+00  0.000000e+00  
         1 31646.000000       0.861 4.154569030096638e+00  0.000000e+00  
         1 31730.000000       0.864 4.154569030096638e+00  0.000000e+00  
         1 31814.000000       0.866 4.154569030096638e+00  0.000000e+00  
         1 31898.000000       0.869 4.154569030096638e+00  0.000000e+00  
         1 31982.000000       0.872 4.108419519895844e+00  0.000000e+00  
         1 32066.000000       0.874 4.106905448558285e+00  0.000000e+00  
         1 32150.000000       0.877 4.106905448558285e+00  0.000000e+00  
         1 32234.000000       0.879 4.106905448558285e+00  0.000000e+00  
         1 32318.000000       0.882 4.106905448558285e+00  0.000000e+00  
         1 32402.000000       0.884 4.103555824045028e+00  0.000000e+00  
         1 32486.000000       0.887 4.102237704013824e+00  0.000000e+00  
         1 32570.000000       0.889 4.102181246695577e+00  0.000000e+00  
         1 32654.000000       0.892 4.102181246695577e+00  0.000000e+00  
         1 32738.000000       0.894 4.102181246695577e+00  0.000000e+00  
         1 32822.000000       0.896 4.102181246695577e+00  0.000000e+00  
         1 32906.000000       0.899 4.102181246695577e+00  0.000000e+00  
         1 32990.000000       0.901 4.102181246695577e+00  0.000000e+00  
         1 33074.000000       0.904 4.102181246695577e+00  0.000000e+00  
         1 33158.000000       0.906 4.097470416516575e+00  0.000000e+00  
         1 33242.000000       0.909 4.077704807607820e+00  0.000000e+00  
         1 33326.000000       0.912 4.075730979812442e+00  0.000000e+00  
         1 33410.000000       0.914 4.072123534625074e+00  0.000000e+00  
         1 33494.000000       0.917 4.066894553123659e+00  0.000000e+00  
         1 33578.000000       0.920 4.057069553800330e+00  0.000000e+00  
         1 33662.000000       0.922 4.057066069796792e+00  0.000000e+00  
         1 33746.000000       0.925 4.057066069786524e+00  0.000000e+00  
         1 33830.000000       0.928 4.057010819860918e+00  0.000000e+00  
         1 33954.000000       0.931 4.057010819860918e+00  0.000000e+00  
         1 34038.000000       0.934 4.057010819860918e+00  0.000000e+00  
         1 34122.000000       0.937 4.057010819860918e+00  0.000000e+00  
         1 34206.000000       0.939 4.057010819860918e+00  0.000000e+00  
         1 34290.000000       0.942 4.057010819860918e+00  0.000000e+00  
         1 34374.000000       0.945 4.057010819860918e+00  0.000000e+00  
         1 34458.000000       0.947 4.057010819860918e+00  0.000000e+00  
         1 34542.000000       0.950 4.057010819860918e+00  0.000000e+00  
         1 34626.000000       0.952 4.057010819860918e+00  0.000000e+00  
         1 34710.000000       0.955 4.057010819860918e+00  0.000000e+00  
         1 34794.000000       0.958 4.057010819860918e+00  0.000000e+00  
         1 34878.000000       0.960 4.057010819860918e+00  0.000000e+00  
         1 34962.000000       0.963 4.057010819860918e+00  0.000000e+00  
         1 35046.000000       0.965 4.057010819860918e+00  0.000000e+00  
         1 35130.000000       0.968 4.057010819860918e+00  0.000000e+00  
         1 35214.000000       0.970 4.053133231268286e+00  0.000000e+00  
         1 35298.000000       0.973 4.045754213261366e+00  0.000000e+00  
         1 35382.000000       0.975 4.043514063822565e+00  0.000000e+00  
         1 35466.000000       0.978 4.043447725055121e+00  0.000000e+00  
         1 35550.000000       0.980 4.043447724870340e+00  0.000000e+00  
         1 35634.000000       0.983 4.043447724870340e+00  0.000000e+00  
         1 35718.000000       0.985 4.043447724870340e+00  0.000000e+00  
         1 35802.000000       0.987 4.043447724870340e+00  0.000000e+00  
         1 35886.000000       0.990 4.043447724870340e+00  0.000000e+00  
         1 35970.000000       0.992 4.043447724870340e+00  0.000000e+00  
         1 36054.000000       0.994 4.041593886710012e+00  0.000000e+00  
         1 36138.000000       0.997 4.041591911564288e+00  0.000000e+00  
         1 36222.000000       0.999 4.041591911564288e+00  0.000000e+00  
         1 36306.000000       1.001 4.041591911564288e+00  0.000000e+00  
         1 36390.000000       1.003 4.036683249438011e+00  0.000000e+00  
         1 36474.000000       1.006 4.033165341613064e+00  0.000000e+00  
         1 36558.000000       1.008 4.027920839033695e+00  0.000000e+00  
         1 36642.000000       1.010 4.023610174461473e+00  0.000000e+00  
         1 36726.000000       1.013 4.016037990915059e+00  0.000000e+00  
         1 36810.000000       1.015 4.015703370778724e+00  0.000000e+00  
         1 36894.000000       1.017 4.015698093827525e+00  0.000000e+00  
         1 36978.000000       1.020 4.015636468329452e+00  0.000000e+00  
         1 37062.000000       1.022 4.015615606173893e+00  0.000000e+00  
         1 37146.000000       1.024 4.015615334503981e+00  0.000000e+00  
         1 37230.000000       1.026 4.015614730898449e+00  0.000000e+00  
         1 37314.000000       1.029 4.015565653552138e+00  0.000000e+00  
         1 37398.000000       1.031 4.015565651283866e+00  0.000000e+00  
         1 37482.000000       1.033 4.013804341782190e+00  0.000000e+00  
         1 37566.000000       1.036 4.013139634168792e+00  0.000000e+00  
         1 37650.000000       1.038 4.011261429769062e+00  0.000000e+00  
         1 37734.000000       1.040 4.011261429758123e+00  0.000000e+00  
         1 37818.000000       1.042 4.007767400820588e+00  0.000000e+00  
         1 37902.000000       1.045 4.001681070893230e+00  0.000000e+00  
         1 37986.000000       1.047 4.000135403818089e+00  0.000000e+00  
         1 38070.000000       1.049 4.000111378986693e+00  0.000000e+00  
         1 38194.000000       1.052 4.000108623557625e+00  0.000000e+00  
         1 38278.000000       1.054 4.000108623557625e+00  0.000000e+00  
         1 38362.000000       1.057 4.000108623557625e+00  0.000000e+00  
         1 38446.000000       1.059 4.000108623557625e+00  0.000000e+00  
         1 38530.000000       1.061 4.000108623557625e+00  0.000000e+00  
         1 38614.000000       1.063 4.000108623557625e+00  0.000000e+00  
         1 38698.000000       1.066 4.000108623557625e+00  0.000000e+00  
         1 38782.000000       1.068 4.000108623557625e+00  0.000000e+00  
         1 38866.000000       1.070 4.000108623557625e+00  0.000000e+00  
         1 38950.000000       1.073 4.000108623557625e+00  0.000000e+00  
         1 39034.000000       1.075 4.000108623557625e+00  0.000000e+00  
         1 39118.000000       1.077 4.000108623557625e+00  0.000000e+00  
         1 39202.000000       1.080 4.000108623557625e+00  0.000000e+00  
         1 39286.000000       1.082 4.000108623557625e+00  0.000000e+00  
         1 39370.000000       1.084 4.000108623557625e+00  0.000000e+00  
         1 39454.000000       1.087 4.000108623557625e+00  0.000000e+00  
         1 39538.000000       1.089 4.000108623557625e+00  0.000000e+00  
         1 39622.000000       1.091 4.000108623557625e+00  0.000000e+00  
         1 39706.000000       1.094 4.000108623557625e+00  0.000000e+00  
         1 39790.000000       1.096 4.000108623557625e+00  0.000000e+00  
         1 39874.000000       1.098 4.000108623557625e+00  0.000000e+00  
         1 39958.000000       1.101 4.000108623557625e+00  0.000000e+00  
         1 40042.000000       1.103 4.000108623557625e+00  0.000000e+00  
         1 40126.000000       1.105 4.000108623557625e+00  0.000000e+00  
         1 40210.000000       1.108 4.000108623557625e+00  0.000000e+00  
         1 40294.000000       1.110 4.000108623557625e+00  0.000000e+00  
         1 40378.000000       1.112 4.000108623557625e+00  0.000000e+00  
         1 40462.000000       1.114 4.000108623557625e+00  0.000000e+00  
         1 40546.000000       1.117 4.000108623557625e+00  0.000000e+00  
         1 40630.000000       1.119 4.000108623557625e+00  0.000000e+00  
         1 40714.000000       1.121 4.000108623557625e+00  0.000000e+00  
         1 40798.000000       1.124 4.000108623557625e+00  0.000000e+00  
         1 40882.000000       1.126 4.000108623557625e+00  0.000000e+00  
         1 40966.000000       1.128 4.000108623557625e+00  0.000000e+00  
         1 41050.000000       1.130 4.000108623557625e+00  0.000000e+00  
         1 41134.000000       1.133 4.000108623557625e+00  0.000000e+00  
         1 41218.000000       1.135 4.000108623557625e+00  0.000000e+00  
         1 41302.000000       1.137 4.000108623557625e+00  0.000000e+00  
         1 41386.000000       1.140 4.000108623557625e+00  0.000000e+00  
         1 41470.000000       1.142 4.000108623557625e+00  0.000000e+00  
         1 41554.000000       1.144 4.000108623557625e+00  0.000000e+00  
         1 41638.000000       1.146 4.000108623557625e+00  0.000000e+00  
         1 41722.000000       1.149 4.000108623557625e+00  0.000000e+00  
         1 41806.000000       1.151 4.000108623557625e+00  0.000000e+00  
         1 41890.000000       1.153 4.000108623557625e+00  0.000000e+00  
         1 41974.000000       1.156 4.000108623557625e+00  0.000000e+00  
         1 42058.000000       1.158 4.000108623557625e+00  0.000000e+00  
         1 42142.000000       1.160 4.000108623557625e+00  0.000000e+00  
         1 42226.000000       1.163 3.999390517290118e+00  0.000000e+00  
         1 42310.000000       1.165 3.998775407801669e+00  0.000000e+00  
         1 42434.000000       1.167 3.998775407801669e+00  0.000000e+00  
         1 42518.000000       1.170 3.998775407801669e+00  0.000000e+00  
         1 42602.000000       1.172 3.998775407801669e+00  0.000000e+00  
         1 42686.000000       1.174 3.998775407801669e+00  0.000000e+00  
         1 42770.000000       1.177 3.998775407801669e+00  0.000000e+00  
         1 42854.000000       1.179 3.998775407801669e+00  0.000000e+00  
         1 42938.000000       1.181 3.998775407801669e+00  0.000000e+00  
         1 43022.000000       1.184 3.998680357008190e+00  0.000000e+00  
         1 43106.000000       1.186 3.998211365138759e+00  0.000000e+00  
         1 43190.000000       1.188 3.998211259379574e+00  0.000000e+00  
         1 43274.000000       1.190 3.997369971539880e+00  0.000000e+00  
         1 43358.000000       1.193 3.997101018533253e+00  0.000000e+00  
         1 43442.000000       1.195 3.995305295437486e+00  0.000000e+00  
         1 43526.000000       1.197 3.994248411156102e+00  0.000000e+00  
         1 43610.000000       1.200 3.993870199841263e+00  0.000000e+00  
         1 43694.000000       1.202 3.993870199835764e+00  0.000000e+00  
         1 43778.000000       1.204 3.993870199809093e+00  0.000000e+00  
         1 43862.000000       1.206 3.992473954449493e+00  0.000000e+00  
         1 43946.000000       1.209 3.992456594008427e+00  0.000000e+00  
         1 44030.000000       1.211 3.992456594008427e+00  0.000000e+00  
         1 44114.000000       1.213 3.992456545731200e+00  0.000000e+00  
         1 44198.000000       1.216 3.990499706091953e+00  0.000000e+00  
         1 44282.000000       1.218 3.990487304885526e+00  0.000000e+00  
         1 44366.000000       1.220 3.990487304885526e+00  0.000000e+00  
         1 44450.000000       1.223 3.990487304885526e+00  0.000000e+00  
         1 44534.000000       1.225 3.990487304885526e+00  0.000000e+00  
         1 44618.000000       1.227 3.990487304885526e+00  0.000000e+00  
         1 44702.000000       1.230 3.990487304885526e+00  0.000000e+00  
         1 44786.000000       1.232 3.990487304885526e+00  0.000000e+00  
         1 44870.000000       1.234 3.990487304885526e+00  0.000000e+00  
         1 44954.000000       1.236 3.990487304885526e+00  0.000000e+00  
         1 45038.000000       1.239 3.990487304885526e+00  0.000000e+00  
         1 45122.000000       1.241 3.990487304885526e+00  0.000000e+00  
         1 45206.000000       1.243 3.990487304885526e+00  0.000000e+00  
         1 45290.000000       1.246 3.990487304885526e+00  0.000000e+00  
         1 45374.000000       1.248 3.990487304885526e+00  0.000000e+00  
         1 45458.000000       1.250 3.990487304885526e+00  0.000000e+00  
         1 45542.000000       1.252 3.989891271882571e+00  0.000000e+00  
         1 45626.000000       1.255 3.989891270002037e+00  0.000000e+00  
         1 45710.000000       1.257 3.989891270002037e+00  0.000000e+00  
         1 45794.000000       1.259 3.989891270002037e+00  0.000000e+00  
         1 45878.000000       1.262 3.989891270002037e+00  0.000000e+00  
         1 45962.000000       1.264 3.989891270002037e+00  0.000000e+00  
         1 46046.000000       1.266 3.989891270002037e+00  0.000000e+00  
         1 46130.000000       1.269 3.989891270002037e+00  0.000000e+00  
         1 46214.000000       1.271 3.989891270002037e+00  0.000000e+00  
         1 46298.000000       1.273 3.989891270002037e+00  0.000000e+00  
         1 46382.000000       1.276 3.989891270002037e+00  0.000000e+00  
         1 46466.000000       1.278 3.989891270002037e+00  0.000000e+00  
         1 46550.000000       1.280 3.989891270002037e+00  0.000000e+00  
         1 46674.000000       1.283 3.989891270002037e+00  0.000000e+00  
         1 46758.000000       1.285 3.989891270002037e+00  0.000000e+00  
         1 46842.000000       1.288 3.989891270002037e+00  0.000000e+00  
         1 46926.000000       1.290 3.989891270002037e+00  0.000000e+00  
         1 47010.000000       1.292 3.989891270002037e+00  0.000000e+00  
         1 47094.000000       1.295 3.989891270002037e+00  0.000000e+00  
         1 47178.000000       1.297 3.989891270002037e+00  0.000000e+00  
         1 47262.000000       1.299 3.989632619857614e+00  0.000000e+00  
         1 47346.000000       1.302 3.989156530773185e+00  0.000000e+00  
         1 47430.000000       1.304 3.988950773839976e+00  0.000000e+00  
         1 47514.000000       1.306 3.988803447467590e+00  0.000000e+00  
         1 47598.000000       1.309 3.988803447467590e+00  0.000000e+00  
         1 47682.000000       1.311 3.988360639941666e+00  0.000000e+00  
         1 47766.000000       1.313 3.988357652561346e+00  0.000000e+00  
         1 47850.000000       1.316 3.988221926830506e+00  0.000000e+00  
         1 47934.000000       1.318 3.988217295558286e+00  0.000000e+00  
         1 48018.000000       1.320 3.988217295558286e+00  0.000000e+00  
         1 48102.000000       1.323 3.988217295558286e+00  0.000000e+00  
         1 48186.000000       1.325 3.988178826070963e+00  0.000000e+00  
         1 48270.000000       1.327 3.987903469532076e+00  0.000000e+00  
         1 48354.000000       1.330 3.987876100685672e+00  0.000000e+00  
         1 48438.000000       1.332 3.987875132311776e+00  0.000000e+00  
         1 48522.000000       1.334 3.987874102265319e+00  0.000000e+00  
         1 48606.000000       1.336 3.987639147905253e+00  0.000000e+00  
         1 48690.000000       1.339 3.987639147904843e+00  0.000000e+00  
         1 48774.000000       1.341 3.987639147904843e+00  0.000000e+00  
         1 48858.000000       1.343 3.987282495832555e+00  0.000000e+00  
         1 48942.000000       1.346 3.987282495832555e+00  0.000000e+00  
         1 49026.000000       1.348 3.987212637214312e+00  0.000000e+00  
         1 49110.000000       1.350 3.987212637214312e+00  0.000000e+00  
         1 49194.000000       1.353 3.987212637214312e+00  0.000000e+00  
         1 49278.000000       1.355 3.987212637214312e+00  0.000000e+00  
         1 49362.000000       1.357 3.987212637214312e+00  0.000000e+00  
         1 49446.000000       1.360 3.987212637214312e+00  0.000000e+00  
         1 49530.000000       1.362 3.987212637214312e+00  0.000000e+00  
         1 49614.000000       1.364 3.987178766118095e+00  0.000000e+00  
         1 49698.000000       1.366 3.987177448829005e+00  0.000000e+00  
         1 49782.000000       1.369 3.987177448829005e+00  0.000000e+00  
         1 49866.000000       1.371 3.987177448829005e+00  0.000000e+00  
         1 49950.000000       1.373 3.987177448829005e+00  0.000000e+00  
         1 50034.000000       1.376 3.987177448829005e+00  0.000000e+00  
         1 50118.000000       1.378 3.987177448829005e+00  0.000000e+00  
         1 50202.000000       1.380 3.987177448829005e+00  0.000000e+00  
         1 50286.000000       1.383 3.987177448829005e+00  0.000000e+00  
         1 50370.000000       1.385 3.987177448829005e+00  0.000000e+00  
         1 50454.000000       1.387 3.987177448829005e+00  0.000000e+00  
         1 50538.000000       1.389 3.987177448829005e+00  0.000000e+00  
         1 50622.000000       1.392 3.987177448829005e+00  0.000000e+00  
         1 50706.000000       1.394 3.987177448829005e+00  0.000000e+00  
         1 50790.000000       1.396 3.987177448829005e+00  0.000000e+00  
         1 50914.000000       1.399 3.987177448829005e+00  0.000000e+00  
         1 50998.000000       1.401 3.987177448829005e+00  0.000000e+00  
         1 51082.000000       1.404 3.987177448829005e+00  0.000000e+00  
         1 51166.000000       1.406 3.987177448829005e+00  0.000000e+00  
         1 51250.000000       1.408 3.987177448829005e+00  0.000000e+00  
         1 51334.000000       1.411 3.987177448829005e+00  0.000000e+00  
         1 51418.000000       1.413 3.987177448829005e+00  0.000000e+00  
         1 51502.000000       1.415 3.987163225446400e+00  0.000000e+00  
         1 51586.000000       1.417 3.987107408623845e+00  0.000000e+00  
         1 51670.000000       1.420 3.987073272637343e+00  0.000000e+00  
         1 51754.000000       1.422 3.987070203521603e+00  0.000000e+00  
         1 51838.000000       1.424 3.987070144135128e+00  0.000000e+00  
         1 51922.000000       1.427 3.987017146794788e+00  0.000000e+00  
         1 52006.000000       1.429 3.986965426837251e+00  0.000000e+00  
         1 52090.000000       1.431 3.986965426780430e+00  0.000000e+00  
         1 52174.000000       1.433 3.986965426765042e+00  0.000000e+00  
         1 52258.000000       1.436 3.986965333250419e+00  0.000000e+00  
         1 52342.000000       1.438 3.986898975648233e+00  0.000000e+00  
         1 52426.000000       1.440 3.986898970200289e+00  0.000000e+00  
         1 52510.000000       1.443 3.986898955056242e+00  0.000000e+00  
         1 52594.000000       1.445 3.986898955056242e+00  0.000000e+00  
         1 52678.000000       1.447 3.986898955056242e+00  0.000000e+00  
         1 52762.000000       1.450 3.986898955056242e+00  0.000000e+00  
         1 52846.000000       1.452 3.986898955056242e+00  0.000000e+00  
         1 52930.000000       1.454 3.986898955056242e+00  0.000000e+00  
         1 53014.000000       1.456 3.986898955056242e+00  0.000000e+00  
         1 53098.000000       1.459 3.986889155609034e+00  0.000000e+00  
         1 53182.000000       1.461 3.986889155609034e+00  0.000000e+00  
         1 53266.000000       1.463 3.986889155609034e+00  0.000000e+00  
         1 53350.000000       1.466 3.986889155609034e+00  0.000000e+00  
         1 53434.000000       1.468 3.986889155609034e+00  0.000000e+00  
         1 53518.000000       1.470 3.986889155609034e+00  0.000000e+00  
         1 53602.000000       1.473 3.986889155609034e+00  0.000000e+00  
         1 53686.000000       1.475 3.986889155609034e+00  0.000000e+00  
         1 53770.000000       1.477 3.986889155609034e+00  0.000000e+00  
         1 53854.000000       1.480 3.986889155609034e+00  0.000000e+00  
         1 53938.000000       1.482 3.986889155609034e+00  0.000000e+00  
         1 54022.000000       1.484 3.986889155609034e+00  0.000000e+00  
         1 54106.000000       1.487 3.986889155609034e+00  0.000000e+00  
         1 54190.000000       1.489 3.986866202940620e+00  0.000000e+00  
         1 54274.000000       1.491 3.986827886714767e+00  0.000000e+00  
         1 54358.000000       1.494 3.986813410550428e+00  0.000000e+00  
         1 54442.000000       1.496 3.986813378353419e+00  0.000000e+00  
         1 54526.000000       1.498 3.986813225866682e+00  0.000000e+00  
         1 54610.000000       1.501 3.986813223690338e+00  0.000000e+00  
         1 54694.000000       1.503 3.986803612967444e+00  0.000000e+00  
         1 54778.000000       1.505 3.986803612967444e+00  0.000000e+00  
         1 54862.000000       1.507 3.986803612967444e+00  0.000000e+00  
         1 54946.000000       1.510 3.986803612967444e+00  0.000000e+00  
         1 55030.000000       1.512 3.986803612967444e+00  0.000000e+00  
         1 55154.000000       1.515 3.986803612967443e+00  0.000000e+00  
         1 55238.000000       1.517 3.986803612967443e+00  0.000000e+00  
         1 55322.000000       1.519 3.986803612967443e+00  0.000000e+00  
         1 55405.999999       1.522 3.986803612967443e+00  0.000000e+00  
         1 55489.999999       1.524 3.986790605005074e+00  0.000000e+00  
         1 55573.999999       1.526 3.986770897001481e+00  0.000000e+00  
         1 55657.999999       1.528 3.986756421437853e+00  0.000000e+00  
         1 55741.999999       1.531 3.986736980756891e+00  0.000000e+00  
         1 55825.999999       1.533 3.986735059123600e+00  0.000000e+00  
         1 55909.999999       1.535 3.986725488529822e+00  0.000000e+00  
         1 55993.999999       1.538 3.986706202125854e+00  0.000000e+00  
         1 56077.999999       1.540 3.986706202125854e+00  0.000000e+00  
         1 56161.999999       1.542 3.986706202125854e+00  0.000000e+00  
         1 56245.999999       1.545 3.986706202125854e+00  0.000000e+00  
         1 56329.999999       1.547 3.986706202125854e+00  0.000000e+00  
         1 56413.999999       1.549 3.986706202125854e+00  0.000000e+00  
         1 56497.999999       1.552 3.986681394154162e+00  0.000000e+00  
         1 56581.999999       1.554 3.986649838720120e+00  0.000000e+00  
         1 56665.999999       1.556 3.986649637764250e+00  0.000000e+00  
         1 56749.999999       1.558 3.986649637763771e+00  0.000000e+00  
         1 56833.999999       1.561 3.986649637763771e+00  0.000000e+00  
         1 56917.999999       1.563 3.986649637763771e+00  0.000000e+00  
         1 57001.999999       1.565 3.986649637763771e+00  0.000000e+00  
         1 57085.999999       1.568 3.986649637763771e+00  0.000000e+00  
         1 57169.999999       1.570 3.986649637763771e+00  0.000000e+00  
         1 57253.999999       1.572 3.986649637763771e+00  0.000000e+00  
         1 57337.999999       1.575 3.986649637763771e+00  0.000000e+00  
         1 57421.999999       1.577 3.986649637763771e+00  0.000000e+00  
         1 57505.999999       1.579 3.986649637763771e+00  0.000000e+00  
         1 57589.999999       1.581 3.986649637763771e+00  0.000000e+00  
         1 57673.999999       1.584 3.986649637763771e+00  0.000000e+00  
         1 57757.999999       1.586 3.986649637763771e+00  0.000000e+00  
         1 57841.999999       1.588 3.986649637763771e+00  0.000000e+00  
         1 57925.999999       1.591 3.986649637763771e+00  0.000000e+00  
         1 58009.999999       1.593 3.986649637763771e+00  0.000000e+00  
         1 58093.999999       1.596 3.986649637763771e+00  0.000000e+00  
         1 58177.999999       1.598 3.986649637763771e+00  0.000000e+00  
         1 58261.999999       1.601 3.986649637763771e+00  0.000000e+00  
         1 58345.999999       1.603 3.986649637763771e+00  0.000000e+00  
         1 58429.999999       1.605 3.986649637763771e+00  0.000000e+00  
         1 58513.999999       1.607 3.986649637763771e+00  0.000000e+00  
         1 58597.999999       1.610 3.986649637763771e+00  0.000000e+00  
         1 58681.999999       1.612 3.986649637763771e+00  0.000000e+00  
         1 58765.999999       1.614 3.986649637763771e+00  0.000000e+00  
         1 58849.999999       1.617 3.986649637763771e+00  0.000000e+00  
         1 58933.999999       1.619 3.986649637763771e+00  0.000000e+00  
         1 59017.999999       1.621 3.986649637763771e+00  0.000000e+00  
         1 59101.999999       1.624 3.986649637763771e+00  0.000000e+00  
         1 59185.999999       1.626 3.986649637763771e+00  0.000000e+00  
         1 59269.999999       1.628 3.986649637763771e+00  0.000000e+00  
         1 59393.999999       1.631 3.986649637763771e+00  0.000000e+00  
         1 59477.999999       1.633 3.986649637763771e+00  0.000000e+00  
         1 59561.999999       1.635 3.986649637763771e+00  0.000000e+00  
         1 59645.999999       1.638 3.986649637763771e+00  0.000000e+00  
         1 59729.999999       1.640 3.986649637763771e+00  0.000000e+00  
         1 59813.999999       1.642 3.986649637763771e+00  0.000000e+00  
         1 59897.999999       1.645 3.986649637763771e+00  0.000000e+00  
         1 59981.999999       1.647 3.986649637763771e+00  0.000000e+00  
         1 60065.999999       1.649 3.986649637763771e+00  0.000000e+00  
         1 60149.999999       1.652 3.986649637763771e+00  0.000000e+00  
         1 60233.999999       1.654 3.986648269645707e+00  0.000000e+00  
         1 60317.999999       1.656 3.986647041645033e+00  0.000000e+00  
         1 60401.999999       1.658 3.986645040983753e+00  0.000000e+00  
         1 60485.999999       1.661 3.986644980315621e+00  0.000000e+00  
         1 60569.999999       1.663 3.986643607857762e+00  0.000000e+00  
         1 60653.999999       1.665 3.986639767879850e+00  0.000000e+00  
         1 60737.999999       1.668 3.986639745250887e+00  0.000000e+00  
         1 60821.999999       1.670 3.986637624164517e+00  0.000000e+00  
         1 60905.999999       1.672 3.986637622975122e+00  0.000000e+00  
         1 60989.999999       1.675 3.986637622975122e+00  0.000000e+00  
         1 61073.999999       1.677 3.986637622975122e+00  0.000000e+00  
         1 61157.999999       1.679 3.986637086937979e+00  0.000000e+00  
         1 61241.999999       1.682 3.986633066735626e+00  0.000000e+00  
         1 61325.999999       1.684 3.986633056105311e+00  0.000000e+00  
         1 61409.999999       1.686 3.986633056105311e+00  0.000000e+00  
         1 61493.999999       1.689 3.986632292342626e+00  0.000000e+00  
         1 61577.999999       1.691 3.986631383540939e+00  0.000000e+00  
         1 61661.999999       1.693 3.986631383540939e+00  0.000000e+00  
         1 61745.999999       1.696 3.986631383540939e+00  0.000000e+00  
         1 61829.999999       1.698 3.986631383540939e+00  0.000000e+00  
         1 61913.999999       1.700 3.986631383540939e+00  0.000000e+00  
         1 61997.999999       1.703 3.986631383540939e+00  0.000000e+00  
         1 62081.999999       1.705 3.986631383540939e+00  0.000000e+00  
         1 62165.999999       1.707 3.986631383540939e+00  0.000000e+00  
         1 62249.999999       1.710 3.986631383540939e+00  0.000000e+00  
         1 62333.999999       1.712 3.986630891593595e+00  0.000000e+00  
         1 62417.999999       1.714 3.986630713306241e+00  0.000000e+00  
         1 62501.999999       1.716 3.986630713201635e+00  0.000000e+00  
         1 62585.999999       1.719 3.986630653171477e+00  0.000000e+00  
         1 62669.999999       1.721 3.986630653171477e+00  0.000000e+00  
         1 62753.999999       1.723 3.986630653171477e+00  0.000000e+00  
         1 62837.999999       1.726 3.986630653171477e+00  0.000000e+00  
         1 62921.999999       1.728 3.986630653171477e+00  0.000000e+00  
         1 63005.999999       1.730 3.986630653171477e+00  0.000000e+00  
         1 63089.999999       1.733 3.986630653171477e+00  0.000000e+00  
         1 63173.999999       1.735 3.986630653171477e+00  0.000000e+00  
         1 63257.999999       1.737 3.986630653171477e+00  0.000000e+00  
         1 63341.999999       1.740 3.986630653171477e+00  0.000000e+00  
         1 63425.999999       1.742 3.986630653171477e+00  0.000000e+00  
         1 63509.999999       1.744 3.986630653171477e+00  0.000000e+00  
         1 63633.999999       1.747 3.986630653171477e+00  0.000000e+00  
         1 63717.999999       1.749 3.986629862107926e+00  0.000000e+00  
         1 63801.999999       1.751 3.986629499896225e+00  0.000000e+00  
         1 63885.999999       1.754 3.986629499896225e+00  0.000000e+00  
         1 63969.999999       1.756 3.986629499896225e+00  0.000000e+00  
         1 64053.999999       1.758 3.986629499896225e+00  0.000000e+00  
         1 64137.999999       1.761 3.986629499896225e+00  0.000000e+00  
         1 64221.999999       1.763 3.986629499896225e+00  0.000000e+00  
         1 64305.999999       1.765 3.986629499896225e+00  0.000000e+00  
         1 64389.999999       1.768 3.986629499896225e+00  0.000000e+00  
         1 64473.999999       1.770 3.986629462789228e+00  0.000000e+00  
         1 64557.999999       1.772 3.986629462789228e+00  0.000000e+00  
         1 64641.999999       1.775 3.986629462789228e+00  0.000000e+00  
         1 64725.999999       1.777 3.986629462789228e+00  0.000000e+00  
         1 64809.999999       1.779 3.986629462789228e+00  0.000000e+00  
         1 64893.999999       1.781 3.986629462789228e+00  0.000000e+00  
         1 64977.999999       1.784 3.986629462789228e+00  0.000000e+00  
         1 65061.999999       1.786 3.986629259019690e+00  0.000000e+00  
         1 65145.999999       1.788 3.986629258582326e+00  0.000000e+00  
         1 65229.999999       1.791 3.986628804145184e+00  0.000000e+00  
         1 65313.999999       1.793 3.986628465912422e+00  0.000000e+00  
         1 65397.999999       1.795 3.986628378365308e+00  0.000000e+00  
         1 65481.999999       1.798 3.986627765731585e+00  0.000000e+00  
         1 65565.999999       1.800 3.986626877297055e+00  0.000000e+00  
         1 65649.999999       1.802 3.986626414328377e+00  0.000000e+00  
         1 65733.999999       1.805 3.986626414328377e+00  0.000000e+00  
         1 65817.999999       1.807 3.986626414328377e+00  0.000000e+00  
         1 65901.999999       1.809 3.986626414328377e+00  0.000000e+00  
         1 65985.999999       1.812 3.986626414328377e+00  0.000000e+00  
         1 66069.999999       1.814 3.986626414328377e+00  0.000000e+00  
         1 66153.999999       1.816 3.986626414328377e+00  0.000000e+00  
         1 66237.999999       1.819 3.986626414328377e+00  0.000000e+00  
         1 66321.999999       1.821 3.986626414328377e+00  0.000000e+00  
         1 66405.999999       1.823 3.986626414328377e+00  0.000000e+00  
         1 66489.999999       1.826 3.986626414328377e+00  0.000000e+00  
         1 66573.999999       1.828 3.986626414328377e+00  0.000000e+00  
         1 66657.999999       1.830 3.986626414328377e+00  0.000000e+00  
         1 66741.999999       1.833 3.986626353300481e+00  0.000000e+00  
         1 66825.999999       1.835 3.986625841893438e+00  0.000000e+00  
         1 66909.999999       1.837 3.986625797714156e+00  0.000000e+00  
         1 66993.999999       1.839 3.986625797713681e+00  0.000000e+00  
         1 67077.999999       1.842 3.986625797713681e+00  0.000000e+00  
         1 67161.999999       1.844 3.986625646602726e+00  0.000000e+00  
         1 67245.999999       1.846 3.986625165835224e+00  0.000000e+00  
         1 67329.999999       1.849 3.986625165835224e+00  0.000000e+00  
         1 67413.999999       1.851 3.986625165835224e+00  0.000000e+00  
         1 67497.999999       1.853 3.986625165835224e+00  0.000000e+00  
         1 67581.999999       1.856 3.986625165835224e+00  0.000000e+00  
         1 67665.999999       1.858 3.986625165835224e+00  0.000000e+00  
         1 67749.999999       1.861 3.986625165835224e+00  0.000000e+00  
         1 67873.999999       1.863 3.986625165835224e+00  0.000000e+00  
         1 67957.999999       1.865 3.986625165835224e+00  0.000000e+00  
         1 68041.999999       1.868 3.986625165835224e+00  0.000000e+00  
         1 68125.999999       1.870 3.986625165835224e+00  0.000000e+00  
         1 68209.999999       1.873 3.986625165835224e+00  0.000000e+00  
         1 68293.999999       1.875 3.986625165835224e+00  0.000000e+00  
         1 68377.999999       1.877 3.986625165835224e+00  0.000000e+00  
         1 68461.999999       1.880 3.986625165835224e+00  0.000000e+00  
         1 68545.999999       1.882 3.986625165835224e+00  0.000000e+00  
         1 68629.999999       1.884 3.986625142591969e+00  0.000000e+00  
         1 68713.999999       1.887 3.986625142591964e+00  0.000000e+00  
         1 68797.999999       1.889 3.986625142591964e+00  0.000000e+00  
         1 68881.999999       1.891 3.986625142591964e+00  0.000000e+00  
         1 68965.999999       1.894 3.986625142591964e+00  0.000000e+00  
         1 69049.999999       1.896 3.986625142591964e+00  0.000000e+00  
         1 69133.999999       1.898 3.986625142591964e+00  0.000000e+00  
         1 69217.999999       1.900 3.986625142591964e+00  0.000000e+00  
         1 69301.999999       1.903 3.986625142591964e+00  0.000000e+00  
         1 69385.999999       1.905 3.986625142591964e+00  0.000000e+00  
         1 69469.999999       1.907 3.986625142591964e+00  0.000000e+00  
         1 69553.999999       1.910 3.986625142591964e+00  0.000000e+00  
         1 69637.999999       1.912 3.986625142591964e+00  0.000000e+00  
         1 69721.999999       1.914 3.986625142591964e+00  0.000000e+00  
         1 69805.999999       1.917 3.986625061197727e+00  0.000000e+00  
         1 69889.999999       1.919 3.986624942784782e+00  0.000000e+00  
         1 69973.999999       1.921 3.986624942535316e+00  0.000000e+00  
         1 70057.999999       1.924 3.986624939858076e+00  0.000000e+00  
         1 70141.999999       1.926 3.986624939752911e+00  0.000000e+00  
         1 70225.999999       1.928 3.986624939746086e+00  0.000000e+00  
         1 70309.999999       1.930 3.986624843480078e+00  0.000000e+00  
         1 70393.999999       1.933 3.986624843278385e+00  0.000000e+00  
         1 70477.999999       1.935 3.986624843278385e+00  0.000000e+00  
         1 70561.999999       1.937 3.986624843278385e+00  0.000000e+00  
         1 70645.999999       1.940 3.986624837640189e+00  0.000000e+00  
         1 70729.999999       1.942 3.986624748276252e+00  0.000000e+00  
         1 70813.999999       1.944 3.986624743124157e+00  0.000000e+00  
         1 70897.999999       1.947 3.986624743120977e+00  0.000000e+00  
         1 70981.999999       1.949 3.986624624231038e+00  0.000000e+00  
         1 71065.999999       1.952 3.986624624230863e+00  0.000000e+00  
         1 71149.999999       1.955 3.986624563085190e+00  0.000000e+00  
         1 71233.999999       1.957 3.986624509361216e+00  0.000000e+00  
         1 71317.999999       1.960 3.986624509353721e+00  0.000000e+00  
         1 71401.999999       1.963 3.986624509353721e+00  0.000000e+00  
         1 71485.999999       1.966 3.986624265804106e+00  0.000000e+00  
         1 71569.999999       1.968 3.986624261841728e+00  0.000000e+00  
         1 71653.999999       1.971 3.986624261841635e+00  0.000000e+00  
         1 71737.999999       1.974 3.986624261841635e+00  0.000000e+00  
         1 71821.999999       1.977 3.986624261841635e+00  0.000000e+00  
         1 71905.999999       1.980 3.986624261841635e+00  0.000000e+00  
         1 71989.999999       1.982 3.986624261841635e+00  0.000000e+00  
         1 72113.999999       1.986 3.986624261841635e+00  0.000000e+00  
         1 72197.999999       1.988 3.986624261841635e+00  0.000000e+00  
         1 72281.999999       1.991 3.986624261841635e+00  0.000000e+00  
         1 72365.999999       1.994 3.986624261841635e+00  0.000000e+00  
         1 72449.999999       1.997 3.986624261841635e+00  0.000000e+00  
         1 72533.999999       2.000 3.986624261841635e+00  0.000000e+00  
         1 72617.999999       2.002 3.986624261841635e+00  0.000000e+00  
         1 72701.999999       2.005 3.986624261841635e+00  0.000000e+00  
         1 72785.999999       2.008 3.986624261841635e+00  0.000000e+00  
         1 72869.999999       2.010 3.986624261841635e+00  0.000000e+00  
         1 72953.999999       2.013 3.986624261841635e+00  0.000000e+00  
         1 73037.999999       2.015 3.986624261841635e+00  0.000000e+00  
         1 73121.999999       2.018 3.986624261841635e+00  0.000000e+00  
         1 73205.999999       2.021 3.986624261841635e+00  0.000000e+00  
         1 73289.999999       2.023 3.986624261841635e+00  0.000000e+00  
         1 73373.999999       2.026 3.986624261841635e+00  0.000000e+00  
         1 73457.999999       2.028 3.986624261841635e+00  0.000000e+00  
         1 73541.999999       2.030 3.986624261841635e+00  0.000000e+00  
         1 73625.999999       2.033 3.986624261841635e+00  0.000000e+00  
         1 73709.999999       2.035 3.986624261841635e+00  0.000000e+00  
         1 73793.999999       2.037 3.986624261841635e+00  0.000000e+00  
         1 73877.999999       2.039 3.986624261841635e+00  0.000000e+00  
         1 73961.999999       2.042 3.986624261841635e+00  0.000000e+00  
         1 74045.999999       2.044 3.986624261841635e+00  0.000000e+00  
         1 74129.999999       2.046 3.986624261841635e+00  0.000000e+00  
         1 74213.999999       2.049 3.986624261841635e+00  0.000000e+00  
         1 74297.999999       2.051 3.986624261841635e+00  0.000000e+00  
         1 74381.999999       2.053 3.986624261841635e+00  0.000000e+00  
         1 74465.999999       2.056 3.986624226093051e+00  0.000000e+00  
         1 74549.999999       2.058 3.986624181548023e+00  0.000000e+00  
         1 74633.999999       2.060 3.986624165643933e+00  0.000000e+00  
         1 74717.999999       2.063 3.986624165643851e+00  0.000000e+00  
         1 74801.999999       2.065 3.986624165643851e+00  0.000000e+00  
         1 74885.999999       2.067 3.986624165643851e+00  0.000000e+00  
         1 74969.999999       2.070 3.986624165643851e+00  0.000000e+00  
         1 75053.999999       2.072 3.986624165643851e+00  0.000000e+00  
         1 75137.999999       2.074 3.986624165643851e+00  0.000000e+00  
         1 75221.999999       2.077 3.986624099402348e+00  0.000000e+00  
         1 75305.999999       2.079 3.986624056836809e+00  0.000000e+00  
         1 75389.999999       2.081 3.986624008486107e+00  0.000000e+00  
         1 75473.999999       2.083 3.986624008486107e+00  0.000000e+00  
         1 75557.999999       2.086 3.986624000265694e+00  0.000000e+00  
         1 75641.999999       2.088 3.986624000265694e+00  0.000000e+00  
         1 75725.999999       2.090 3.986624000265694e+00  0.000000e+00  
         1 75809.999999       2.093 3.986624000265694e+00  0.000000e+00  
         1 75893.999999       2.095 3.986624000265694e+00  0.000000e+00  
         1 75977.999999       2.097 3.986624000265694e+00  0.000000e+00  
         1 76061.999999       2.100 3.986624000265694e+00  0.000000e+00  
         1 76145.999999       2.102 3.986624000265694e+00  0.000000e+00  
         1 76229.999999       2.104 3.986624000265694e+00  0.000000e+00  
         1 76353.999999       2.107 3.986624000265694e+00  0.000000e+00  
         1 76437.999999       2.109 3.986624000265694e+00  0.000000e+00  
         1 76521.999999       2.111 3.986624000265694e+00  0.000000e+00  
         1 76605.999999       2.114 3.986624000265694e+00  0.000000e+00  
         1 76689.999999       2.116 3.986624000265694e+00  0.000000e+00  
         1 76773.999999       2.118 3.986624000265694e+00  0.000000e+00  
         1 76857.999999       2.121 3.986624000265694e+00  0.000000e+00  
         1 76941.999999       2.123 3.986624000265694e+00  0.000000e+00  
         1 77025.999999       2.125 3.986624000265694e+00  0.000000e+00  
         1 77109.999999       2.128 3.986624000265694e+00  0.000000e+00  
         1 77193.999999       2.130 3.986624000265694e+00  0.000000e+00  
         1 77277.999999       2.132 3.986624000265694e+00  0.000000e+00  
         1 77361.999999       2.135 3.986624000265694e+00  0.000000e+00  
         1 77445.999999       2.137 3.986624000265694e+00  0.000000e+00  
         1 77529.999999       2.139 3.986624000265694e+00  0.000000e+00  
         1 77613.999999       2.141 3.986624000265694e+00  0.000000e+00  
         1 77697.999999       2.144 3.986624000265694e+00  0.000000e+00  
         1 77781.999999       2.146 3.986624000265694e+00  0.000000e+00  
         1 77865.999999       2.148 3.986624000265694e+00  0.000000e+00  
         1 77949.999999       2.151 3.986624000265694e+00  0.000000e+00  
         1 78033.999999       2.153 3.986624000265694e+00  0.000000e+00  
         1 78117.999999       2.155 3.986624000265694e+00  0.000000e+00  
         1 78201.999999       2.158 3.986624000265694e+00  0.000000e+00  
         1 78285.999999       2.160 3.986624000265694e+00  0.000000e+00  
         1 78369.999999       2.162 3.986624000265694e+00  0.000000e+00  
         1 78453.999999       2.164 3.986623998009139e+00  0.000000e+00  
         1 78537.999999       2.167 3.986623975592665e+00  0.000000e+00  
         1 78621.999999       2.169 3.986623957713535e+00  0.000000e+00  
         1 78705.999999       2.171 3.986623957713531e+00  0.000000e+00  
         1 78789.999999       2.174 3.986623940732683e+00  0.000000e+00  
         1 78873.999999       2.176 3.986623940732682e+00  0.000000e+00  
         1 78957.999999       2.178 3.986623940732682e+00  0.000000e+00  
         1 79041.999999       2.181 3.986623940732682e+00  0.000000e+00  
         1 79125.999999       2.183 3.986623940732682e+00  0.000000e+00  
         1 79209.999999       2.185 3.986623940732682e+00  0.000000e+00  
         1 79293.999999       2.188 3.986623940732682e+00  0.000000e+00  
         1 79377.999999       2.190 3.986623940732682e+00  0.000000e+00  
         1 79461.999999       2.192 3.986623940732682e+00  0.000000e+00  
         1 79545.999999       2.194 3.986623940732682e+00  0.000000e+00  
         1 79629.999999       2.197 3.986623940732682e+00  0.000000e+00  
         1 79713.999999       2.199 3.986623940732682e+00  0.000000e+00  
         1 79797.999999       2.201 3.986623935601423e+00  0.000000e+00  
         1 79881.999999       2.204 3.986623921739463e+00  0.000000e+00  
         1 79965.999999       2.206 3.986623920619034e+00  0.000000e+00  
         1 80049.999999       2.208 3.986623920619034e+00  0.000000e+00  
         1 80133.999999       2.211 3.986623920619034e+00  0.000000e+00  
         1 80217.999999       2.213 3.986623920619034e+00  0.000000e+00  
         1 80301.999999       2.215 3.986623920619034e+00  0.000000e+00  
         1 80385.999999       2.218 3.986623920619034e+00  0.000000e+00  
         1 80469.999999       2.220 3.986623920619034e+00  0.000000e+00  
         1 80593.999999       2.222 3.986623920619034e+00  0.000000e+00  
         1 80677.999999       2.225 3.986623920619034e+00  0.000000e+00  
         1 80761.999999       2.227 3.986623920619034e+00  0.000000e+00  
         1 80845.999999       2.229 3.986623920619034e+00  0.000000e+00  
         1 80929.999999       2.232 3.986623920619034e+00  0.000000e+00  
         1 81013.999999       2.234 3.986623920619034e+00  0.000000e+00  
         1 81097.999999       2.236 3.986623920619034e+00  0.000000e+00  
         1 81181.999999       2.239 3.986623920619034e+00  0.000000e+00  
         1 81265.999999       2.241 3.986623920619034e+00  0.000000e+00  
         1 81349.999999       2.243 3.986623920619034e+00  0.000000e+00  
         1 81433.999999       2.246 3.986623916957821e+00  0.000000e+00  
         1 81517.999999       2.248 3.986623914490139e+00  0.000000e+00  
         1 81601.999999       2.250 3.986623913894926e+00  0.000000e+00  
         1 81685.999999       2.252 3.986623912591282e+00  0.000000e+00  
         1 81769.999999       2.255 3.986623912591271e+00  0.000000e+00  
         1 81853.999999       2.257 3.986623912512012e+00  0.000000e+00  
         1 81937.999999       2.259 3.986623912283262e+00  0.000000e+00  
         1 82021.999999       2.262 3.986623910804788e+00  0.000000e+00  
         1 82105.999999       2.264 3.986623898244098e+00  0.000000e+00  
         1 82189.999999       2.266 3.986623897921697e+00  0.000000e+00  
         1 82273.999999       2.269 3.986623897918880e+00  0.000000e+00  
         1 82357.999999       2.271 3.986623894797765e+00  0.000000e+00  
         1 82441.999999       2.273 3.986623890342807e+00  0.000000e+00  
         1 82525.999999       2.276 3.986623889283069e+00  0.000000e+00  
         1 82609.999999       2.278 3.986623888597686e+00  0.000000e+00  
         1 82693.999999       2.280 3.986623874027447e+00  0.000000e+00  
         1 82777.999999       2.283 3.986623863811551e+00  0.000000e+00  
         1 82861.999999       2.285 3.986623860767418e+00  0.000000e+00  
         1 82945.999999       2.287 3.986623860227744e+00  0.000000e+00  
         1 83029.999999       2.289 3.986623857376998e+00  0.000000e+00  
         1 83113.999999       2.292 3.986623857376980e+00  0.000000e+00  
         1 83197.999999       2.294 3.986623856998242e+00  0.000000e+00  
         1 83281.999999       2.296 3.986623856998242e+00  0.000000e+00  
         1 83365.999999       2.299 3.986623856305352e+00  0.000000e+00  
         1 83449.999999       2.301 3.986623856282840e+00  0.000000e+00  
         1 83533.999999       2.303 3.986623856282840e+00  0.000000e+00  
         1 83617.999999       2.306 3.986623856282840e+00  0.000000e+00  
         1 83701.999999       2.308 3.986623856282840e+00  0.000000e+00  
         1 83785.999999       2.310 3.986623856282840e+00  0.000000e+00  
         1 83869.999999       2.313 3.986623856282840e+00  0.000000e+00  
         1 83953.999999       2.315 3.986623856282840e+00  0.000000e+00  
         1 84037.999999       2.317 3.986623856282840e+00  0.000000e+00  
         1 84121.999999       2.319 3.986623856282840e+00  0.000000e+00  
         1 84205.999999       2.322 3.986623856282840e+00  0.000000e+00  
         1 84289.999999       2.324 3.986623856282840e+00  0.000000e+00  
         1 84373.999999       2.326 3.986623856282840e+00  0.000000e+00  
         1 84457.999999       2.329 3.986623856282840e+00  0.000000e+00  
         1 84541.999999       2.331 3.986623856282840e+00  0.000000e+00  
         1 84625.999999       2.334 3.986623856282840e+00  0.000000e+00  
         1 84709.999999       2.336 3.986623856282840e+00  0.000000e+00  
         1 84833.999999       2.339 3.986623856282840e+00  0.000000e+00  
         1 84917.999999       2.341 3.986623856282840e+00  0.000000e+00  
         1 85001.999999       2.343 3.986623856282840e+00  0.000000e+00  
         1 85085.999999       2.346 3.986623856282840e+00  0.000000e+00  
         1 85169.999999       2.348 3.986623856282840e+00  0.000000e+00  
         1 85253.999999       2.350 3.986623856282840e+00  0.000000e+00  
         1 85337.999999       2.353 3.986623856282840e+00  0.000000e+00  
         1 85421.999999       2.355 3.986623856282840e+00  0.000000e+00  
         1 85505.999999       2.357 3.986623856282840e+00  0.000000e+00  
         1 85589.999999       2.360 3.986623856282840e+00  0.000000e+00  
         1 85673.999999       2.362 3.986623856282840e+00  0.000000e+00  
         1 85757.999999       2.364 3.986623856282840e+00  0.000000e+00  
         1 85841.999999       2.367 3.986623856282840e+00  0.000000e+00  
         1 85925.999999       2.369 3.986623856282840e+00  0.000000e+00  
         1 86009.999999       2.371 3.986623856282840e+00  0.000000e+00  
         1 86093.999999       2.374 3.986623855971100e+00  0.000000e+00  
         1 86177.999999       2.376 3.986623855971100e+00  0.000000e+00  
         1 86261.999999       2.378 3.986623855971100e+00  0.000000e+00  
         1 86345.999999       2.381 3.986623855971100e+00  0.000000e+00  
         1 86429.999999       2.383 3.986623855577297e+00  0.000000e+00  
         1 86513.999999       2.385 3.986623855567456e+00  0.000000e+00  
         1 86597.999999       2.387 3.986623855567421e+00  0.000000e+00  
         1 86681.999999       2.390 3.986623855517693e+00  0.000000e+00  
         1 86765.999999       2.392 3.986623855516738e+00  0.000000e+00  
         1 86849.999999       2.394 3.986623855516738e+00  0.000000e+00  
         1 86933.999999       2.397 3.986623855516738e+00  0.000000e+00  
         1 87017.999999       2.399 3.986623855516738e+00  0.000000e+00  
         1 87101.999999       2.401 3.986623855516738e+00  0.000000e+00  
         1 87185.999999       2.404 3.986623855516738e+00  0.000000e+00  
         1 87269.999999       2.406 3.986623855516738e+00  0.000000e+00  
         1 87353.999999       2.408 3.986623855516738e+00  0.000000e+00  
         1 87437.999999       2.411 3.986623855516738e+00  0.000000e+00  
         1 87521.999999       2.413 3.986623855516738e+00  0.000000e+00  
         1 87605.999999       2.415 3.986623855516738e+00  0.000000e+00  
         1 87689.999999       2.417 3.986623855516738e+00  0.000000e+00  
         1 87773.999999       2.420 3.986623855454754e+00  0.000000e+00  
         1 87857.999999       2.422 3.986623855454754e+00  0.000000e+00  
         1 87941.999999       2.424 3.986623855454754e+00  0.000000e+00  
         1 88025.999999       2.427 3.986623855454754e+00  0.000000e+00  
         1 88109.999999       2.429 3.986623855278304e+00  0.000000e+00  
         1 88193.999999       2.431 3.986623855276655e+00  0.000000e+00  
         1 88277.999999       2.434 3.986623855271034e+00  0.000000e+00  
         1 88361.999999       2.436 3.986623855086088e+00  0.000000e+00  
         1 88445.999999       2.438 3.986623855086088e+00  0.000000e+00  
         1 88529.999999       2.441 3.986623855086088e+00  0.000000e+00  
         1 88613.999999       2.443 3.986623855086088e+00  0.000000e+00  
         1 88697.999999       2.445 3.986623854978569e+00  0.000000e+00  
         1 88781.999999       2.447 3.986623854962994e+00  0.000000e+00  
         1 88865.999999       2.450 3.986623854962982e+00  0.000000e+00  
         1 88949.999999       2.452 3.986623854962982e+00  0.000000e+00  
         1 89073.999999       2.455 3.986623854962982e+00  0.000000e+00  
         1 89157.999999       2.457 3.986623854962982e+00  0.000000e+00  
         1 89241.999999       2.459 3.986623854962982e+00  0.000000e+00  
         1 89325.999999       2.462 3.986623854962982e+00  0.000000e+00  
         1 89409.999999       2.464 3.986623854962982e+00  0.000000e+00  
         1 89493.999999       2.466 3.986623854945237e+00  0.000000e+00  
         1 89577.999999       2.469 3.986623854945236e+00  0.000000e+00  
         1 89661.999999       2.471 3.986623854945236e+00  0.000000e+00  
         1 89745.999999       2.473 3.986623854945236e+00  0.000000e+00  
         1 89829.999999       2.475 3.986623854945236e+00  0.000000e+00  
         1 89913.999999       2.478 3.986623854945236e+00  0.000000e+00  
         1 89997.999999       2.480 3.986623854945236e+00  0.000000e+00  
         1 90081.999999       2.482 3.986623854945236e+00  0.000000e+00  
         1 90165.999999       2.485 3.986623854945236e+00  0.000000e+00  
         1 90249.999999       2.487 3.986623854945236e+00  0.000000e+00  
         1 90333.999999       2.489 3.986623854945236e+00  0.000000e+00  
         1 90417.999999       2.492 3.986623854945236e+00  0.000000e+00  
         1 90501.999999       2.494 3.986623854945236e+00  0.000000e+00  
         1 90585.999999       2.496 3.986623854945236e+00  0.000000e+00  
         1 90669.999999       2.499 3.986623854945236e+00  0.000000e+00  
         1 90753.999999       2.501 3.986623854945236e+00  0.000000e+00  
         1 90837.999999       2.503 3.986623854841083e+00  0.000000e+00  
         1 90921.999999       2.506 3.986623854784284e+00  0.000000e+00  
         1 91005.999999       2.508 3.986623854682556e+00  0.000000e+00  
         1 91089.999999       2.510 3.986623854591961e+00  0.000000e+00  
         1 91173.999999       2.512 3.986623854525181e+00  0.000000e+00  
         1 91257.999999       2.515 3.986623854492120e+00  0.000000e+00  
         1 91341.999999       2.517 3.986623854492120e+00  0.000000e+00  
         1 91425.999999       2.519 3.986623854470810e+00  0.000000e+00  
         1 91509.999999       2.522 3.986623854470810e+00  0.000000e+00  
         1 91593.999999       2.524 3.986623854452433e+00  0.000000e+00  
         1 91677.999999       2.526 3.986623854444218e+00  0.000000e+00  
         1 91761.999999       2.529 3.986623854363577e+00  0.000000e+00  
         1 91845.999999       2.531 3.986623854363166e+00  0.000000e+00  
         1 91929.999999       2.533 3.986623854353616e+00  0.000000e+00  
         1 92013.999999       2.536 3.986623854353614e+00  0.000000e+00  
         1 92097.999999       2.538 3.986623854353614e+00  0.000000e+00  
         1 92181.999999       2.540 3.986623854353590e+00  0.000000e+00  
         1 92265.999999       2.542 3.986623854353590e+00  0.000000e+00  
         1 92349.999999       2.545 3.986623854353590e+00  0.000000e+00  
         1 92433.999999       2.547 3.986623854352167e+00  0.000000e+00  
         1 92517.999999       2.549 3.986623854351979e+00  0.000000e+00  
         1 92601.999999       2.552 3.986623854351979e+00  0.000000e+00  
         1 92685.999999       2.554 3.986623854351979e+00  0.000000e+00  
         1 92769.999999       2.556 3.986623854347165e+00  0.000000e+00  
         1 92853.999999       2.559 3.986623854346663e+00  0.000000e+00  
         1 92937.999999       2.561 3.986623854346650e+00  0.000000e+00  
         1 93021.999999       2.563 3.986623854346610e+00  0.000000e+00  
         1 93105.999999       2.566 3.986623854346610e+00  0.000000e+00  
         1 93189.999999       2.568 3.986623854346610e+00  0.000000e+00  
         1 93313.999999       2.571 3.986623854346608e+00  0.000000e+00  
         1 93397.999999       2.573 3.986623854346608e+00  0.000000e+00  
         1 93481.999999       2.575 3.986623854346608e+00  0.000000e+00  
         1 93565.999999       2.577 3.986623854346608e+00  0.000000e+00  
         1 93649.999999       2.580 3.986623854346608e+00  0.000000e+00  
         1 93733.999999       2.582 3.986623854346608e+00  0.000000e+00  
         1 93817.999999       2.584 3.986623854346608e+00  0.000000e+00  
         1 93901.999999       2.587 3.986623854346608e+00  0.000000e+00  
         1 93985.999999       2.589 3.986623854346608e+00  0.000000e+00  
         1 94069.999999       2.592 3.986623854346608e+00  0.000000e+00  
         1 94153.999999       2.594 3.986623854346608e+00  0.000000e+00  
         1 94237.999999       2.597 3.986623854346608e+00  0.000000e+00  
         1 94321.999999       2.599 3.986623854346608e+00  0.000000e+00  
         1 94405.999999       2.601 3.986623854346608e+00  0.000000e+00  
         1 94489.999999       2.603 3.986623854346608e+00  0.000000e+00  
         1 94573.999999       2.606 3.986623854346608e+00  0.000000e+00  
         1 94657.999999       2.608 3.986623854346608e+00  0.000000e+00  
         1 94741.999999       2.610 3.986623854346608e+00  0.000000e+00  
         1 94825.999999       2.613 3.986623854346608e+00  0.000000e+00  
         1 94909.999999       2.615 3.986623854346608e+00  0.000000e+00  
         1 94993.999999       2.617 3.986623854346608e+00  0.000000e+00  
         1 95077.999999       2.620 3.986623854346608e+00  0.000000e+00  
         1 95161.999999       2.622 3.986623854321683e+00  0.000000e+00  
         1 95245.999999       2.624 3.986623854321439e+00  0.000000e+00  
         1 95329.999999       2.626 3.986623854321439e+00  0.000000e+00  
         1 95413.999999       2.629 3.986623854321439e+00  0.000000e+00  
         1 95497.999999       2.631 3.986623854321439e+00  0.000000e+00  
         1 95581.999999       2.633 3.986623854321439e+00  0.000000e+00  
         1 95665.999999       2.636 3.986623854321439e+00  0.000000e+00  
         1 95749.999999       2.638 3.986623854306961e+00  0.000000e+00  
         1 95833.999999       2.640 3.986623854305101e+00  0.000000e+00  
         1 95917.999999       2.643 3.986623854305101e+00  0.000000e+00  
         1 96001.999999       2.645 3.986623854305101e+00  0.000000e+00  
         1 96085.999999       2.647 3.986623854305101e+00  0.000000e+00  
         1 96169.999999       2.650 3.986623854305101e+00  0.000000e+00  
         1 96253.999999       2.652 3.986623854305101e+00  0.000000e+00  
         1 96337.999999       2.654 3.986623854303384e+00  0.000000e+00  
         1 96421.999999       2.657 3.986623854303259e+00  0.000000e+00  
         1 96505.999999       2.659 3.986623854303259e+00  0.000000e+00  
         1 96589.999999       2.661 3.986623854303259e+00  0.000000e+00  
         1 96673.999999       2.663 3.986623854303259e+00  0.000000e+00  
         1 96757.999999       2.666 3.986623854303259e+00  0.000000e+00  
         1 96841.999999       2.668 3.986623854303259e+00  0.000000e+00  
         1 96925.999999       2.670 3.986623854303259e+00  0.000000e+00  
         1 97009.999999       2.673 3.986623854303259e+00  0.000000e+00  
         1 97093.999999       2.675 3.986623854303259e+00  0.000000e+00  
         1 97177.999999       2.677 3.986623854303259e+00  0.000000e+00  
         1 97261.999999       2.680 3.986623854303259e+00  0.000000e+00  
         1 97345.999999       2.682 3.986623854303124e+00  0.000000e+00  
         1 97429.999999       2.684 3.986623854301876e+00  0.000000e+00  
         1 97553.999999       2.687 3.986623854301876e+00  0.000000e+00  
         1 97637.999999       2.689 3.986623854292552e+00  0.000000e+00  
         1 97721.999999       2.691 3.986623854289476e+00  0.000000e+00  
         1 97805.999999       2.694 3.986623854284407e+00  0.000000e+00  
         1 97889.999999       2.696 3.986623854284407e+00  0.000000e+00  
         1 97973.999999       2.698 3.986623854281606e+00  0.000000e+00  
         1 98057.999999       2.701 3.986623854280964e+00  0.000000e+00  
         1 98141.999999       2.703 3.986623854280963e+00  0.000000e+00  
         1 98225.999999       2.705 3.986623854280963e+00  0.000000e+00  
         1 98309.999999       2.708 3.986623854280963e+00  0.000000e+00  
         1 98393.999999       2.710 3.986623854280963e+00  0.000000e+00  
         1 98477.999999       2.712 3.986623854280963e+00  0.000000e+00  
         1 98561.999999       2.715 3.986623854280963e+00  0.000000e+00  
         1 98645.999999       2.717 3.986623854280963e+00  0.000000e+00  
         1 98729.999999       2.719 3.986623854280963e+00  0.000000e+00  
         1 98813.999999       2.722 3.986623854280963e+00  0.000000e+00  
         1 98897.999999       2.724 3.986623854280963e+00  0.000000e+00  
         1 98981.999999       2.726 3.986623854280963e+00  0.000000e+00  
         1 99065.999999       2.728 3.986623854280963e+00  0.000000e+00  
         1 99149.999999       2.731 3.986623854280963e+00  0.000000e+00  
         1 99233.999999       2.733 3.986623854280963e+00  0.000000e+00  
         1 99317.999999       2.735 3.986623854280963e+00  0.000000e+00  
         1 99401.999999       2.738 3.986623854280963e+00  0.000000e+00  
         1 99485.999999       2.740 3.986623854280963e+00  0.000000e+00  
         1 99569.999999       2.742 3.986623854280131e+00  0.000000e+00  
         1 99653.999999       2.745 3.986623854276504e+00  0.000000e+00  
         1 99737.999999       2.747 3.986623854274304e+00  0.000000e+00  
         1 99821.999999       2.749 3.986623854269600e+00  0.000000e+00  
         1 99905.999999       2.752 3.986623854269600e+00  0.000000e+00  
         1 99989.999999       2.754 3.986623854269600e+00  0.000000e+00  
         1 100000.052630       2.754 3.986623854269600e+00  0.000000e+00  
